198.5,214.5,34,81
192.65119374671812,217.25204200298847,39.528962356264685,77.28494201598045
190.89625891739803,217.56456727798803,41.3522282303437,77.3945027387932
187.81468516625043,217.00952187088524,41.46487915442235,78.49433440526535
186.21007856631337,217.13558227176023,41.75376135301477,76.14419090415932
183.6057337145903,220.5956345776742,40.98500926874119,73.56542015845075
181.95631810390054,226.25493613861636,40.61419470383528,72.78995649426906
179.4378737990961,228.1497475408286,41.995511137464504,73.17738380352257
176.65818691461777,230.90353272756013,44.253553386340656,72.50900915836148
176.9875977210887,233.74235573971328,44.638556207679166,72.59230845418463
180.43752119648974,235.00125356003622,43.856930539836064,74.88803753659172
182.6825441619232,236.56063573290925,43.98985709737249,77.13806286369717
183.15074759730055,235.33177341374832,44.72301220877263,80.75134394237243
180.45966390028812,232.9873899435908,47.69816880911158,81.85444851772777
182.8222959190382,232.72512311494845,50.1351195276234,82.7724149412116
185.72025275072778,229.4165146980869,51.07648003416607,85.03441431811706
181.17357179612668,223.12173079441413,53.61243313370642,81.94111793631465
187.90042787360787,217.0925212321938,55.40508652592423,82.62704045583587
194.80179448409987,212.51889582855065,58.746253222542734,84.61546157409629
192.683905257845,212.851926413338,58.725512357425536,87.08799312455334
192.45127830837157,212.78708612091054,59.6105326526565,88.49743418933528
196.98550828380854,214.7748640078261,60.00004522833284,91.54305427686286
200.8495259538031,216.49341180266373,59.5025477797317,96.4601943362965
202.3193404834166,218.27457857866455,59.14389306094354,102.63973357177045
207.14256609678483,218.05806555763573,60.610897606606954,106.31418846590937
212.936631314528,221.70302036057188,57.807020291543,107.61952803606245
224.29881274510336,227.98070644592258,58.09591350339029,106.32843523090057
230.22368003841075,229.71928801553398,59.54243593581848,105.46568439941707
234.97904086610168,227.48034064916436,60.24943145115198,104.17959016044605
236.52891880878997,225.73716460379376,57.66017426830148,102.75864654729936
238.5971030897758,224.8327182820043,55.100457875557424,102.13225219212949
241.2430875206922,225.22879484978867,53.8310982475808,102.65529485543466
245.45297441255897,224.89438239337989,51.50352808094324,102.78799339305382
249.49873346091692,224.9211537803225,51.31369855997196,105.26911978001154
253.7255532416076,223.8077890285469,50.40454695177665,104.4808358272181
259.68640776082543,222.8220852654116,49.94142174512808,103.44406035101677
263.69849415445606,224.46804094145315,50.12294220280093,102.3156934153613
267.54615786878026,226.27275331509827,51.300010289594354,100.50003576268315
269.76259578700166,228.7779171034745,53.56209313998025,97.69445490910579
272.3705193435096,230.91698443759128,54.5751655330373,95.93226901330266
277.2030260005833,231.89023938871955,55.03774239833336,93.98768909361144
280.1385553273942,233.06508353104516,55.117867063803224,91.7837499159634
283.1664844810325,235.05231693711028,54.40024079693189,90.0484918021059
284.9344687111401,234.808255865357,53.75967309927474,89.53727347100684
286.17466276318436,235.15827625490402,52.88044397174115,89.05781022992632
285.7338168913207,233.29563958074374,51.259779901488244,88.58747448553447
285.31009848116656,233.8952697174638,49.77595222594703,88.70315192285635
285.6473821561825,231.40748545586317,49.6695241309619,88.68290993732961
284.8173581747069,232.31542592957115,49.589750183054996,88.44252852452058
282.81045820713496,231.66826179680407,49.554736298313614,89.0525361614117
281.0084578451897,230.81524311907776,51.380034167094024,87.97073195840788
277.5323565735187,228.9783303299371,52.91087144935808,88.51278811797276
277.00609228004595,227.06811404739045,53.67353144308767,90.51283176991149
272.49276925795516,226.95088714749895,54.16537028206906,90.92093297341152
273.83121833592406,227.1732001303875,54.20050039113063,92.3093046873448
272.48695724341144,225.52906397532232,54.468852268996486,91.48790731211142
271.6320646116937,228.3002100563481,53.215512065131534,90.02283082159914
271.19754901256573,229.9639120061685,52.06520250983215,89.04060743343297
272.24812909030663,233.2810741670863,50.46342678738138,89.18935796740182
270.0149920663144,236.69254882542515,53.177320702690785,86.1033907578866
265.7515318958336,238.5588971097102,54.60484004649045,82.74175134206465
259.33352589911703,239.47439225417958,56.71479403363692,80.47062670664073
254.96923901982183,240.23551071374703,58.23479111299767,77.93006731970183
251.13256851160253,241.81893198489863,58.77523522925921,76.82583516520077
246.1878852217784,243.3006815758251,58.738418108345975,73.95525970650903
238.5073462613081,240.90552077527542,58.30339732018011,74.47727076073338
233.04707765093423,241.33311338056055,57.212633500278486,73.15157578263079
228.3703849565495,246.11701977729473,56.97844774494392,72.03132520687481
224.1331805574407,247.58830254030607,57.53211689243517,70.84705807791639
218.69763881197525,248.30995406183473,57.155069585026254,71.2263949770282
214.22738469715222,246.14655015543394,57.39752826938424,71.36564175467359
208.1954838531782,244.35040636242175,57.00196125158279,72.60151716838044
201.82805451624608,244.32914665954405,55.758112611909404,71.69270871378046
195.95141474983956,244.00565616559467,56.80688145594068,69.36078378546524
190.503413374937,239.14591559891844,59.464493283199445,69.15425287963312
178.0197984624374,236.98185848639483,57.540762414839286,72.9169392053197
173.745813773619,233.5667085409882,54.88467219164597,74.56674192663831
168.627825706429,235.46688628870515,52.14724821005916,77.44920198296222
166.2115940719813,236.70893494562515,50.70575994849805,76.74178013184503
160.62175061696456,236.69628022646503,50.032987904674066,77.65429719746169
153.3122397477371,234.11253391845202,50.32899824481359,80.15987355753677
148.25134259010463,231.15202341902878,50.03286958644574,81.57514485392966
144.9034538716764,230.7128732541282,47.65833356962785,86.27907227227756
141.82820382861854,227.079813488159,48.46334033909319,85.65819028978115
137.44056623769166,226.46018963685515,50.42022753571747,84.29900092154227
132.48011697567756,225.11452649039893,51.89708099291215,84.28419861719519
128.73562917314948,223.7351567175722,51.17811458899615,85.36213450627059
125.67472256123061,221.88470882744178,47.89071856143008,87.93007890770912
120.84946188545405,221.61590928290252,45.55580728816631,91.02282397571527
114.31346857266709,220.8453180444797,45.72437918748289,92.16264760971112
111.60511396217018,220.4022237504388,46.31595699215593,94.1610459946985
112.98859481562472,218.8946152599885,45.50328865549372,95.20563948240448
111.56972569863882,218.21391360922502,45.43384419598409,96.50573638184423
109.9635845707944,214.86251354010898,48.197447004498855,94.4370082760578
109.8413017521332,213.42413283769332,52.47965321341546,91.59461007777023
108.00378701151674,213.51949433464654,55.409427343581825,89.6408072021957
106.11301642901634,214.7534073603962,54.67047929273178,91.29712379748588
106.46391646055402,214.63108617031682,51.43653778258917,92.3288681616687
103.36150673778842,212.33490593485004,50.59496955569605,91.14481614557226
100.19851821765343,212.33849431527506,50.17571830540818,89.64177523181385
101.31668877096716,210.6557310903835,50.196846852863956,90.69934355552884
102.85822513165229,208.2018387447394,50.52300054903521,91.1626759610505
105.4746132704483,204.79426612283035,50.21167536320953,88.7585667111552
109.31768104340014,200.96716696051595,50.031361045333185,89.88975955024935
111.95957874764372,199.33857473933207,50.0266164638724,90.55977768326038
116.66743938935963,195.89279359386222,48.60334207985464,92.53455854872401
120.16140114219543,193.84178044717902,47.62099852260834,93.66603931177119
121.46703970902946,193.1822423375162,46.60303842080062,95.11541439891855
124.30538027204368,194.45150768407026,47.158329035494866,95.50208035345445
127.30430018389382,193.7775690895169,46.0381232602565,96.61984756781925
131.37163051662912,193.6220113673109,43.82062072161692,98.36867043639509
136.15293265345264,193.0016995223088,42.80313096518182,98.7045682767708
140.83642172547144,191.10833757578473,42.06079614694991,97.5197474272347
144.91518060425437,188.21919806425842,42.55027870218922,96.89508093179367
148.27246379465768,185.68358532046102,43.85367859182935,96.54597970964119
151.07784194704573,183.78952291454706,45.47572324759401,94.01769731779477
154.74016837736747,183.09884398185756,45.08411577421863,93.5444692971722
156.88851329184376,182.16437585171036,44.45934862898185,91.98362435896505
159.5376125157521,182.82272025020882,43.726486408582176,90.84706528372885
162.5347358274864,182.80609303742443,44.59898430339358,88.4037905878987
165.05619980903055,184.38793403008128,44.18047126111216,88.2331017189638
166.72300821168096,183.81672954387153,45.86751676355058,88.31101131317895
171.25225593777176,179.94330488118425,45.74290593203553,92.01566722577272
173.97927699899958,177.61127664288708,46.525077493661904,90.99903770535781
176.6495034394531,175.529269035013,46.83788245958718,94.9233901844517
180.14064169254343,175.0067569271921,47.85317408389968,97.16882238196604
183.64290748425788,172.05864093131942,48.60851970536576,98.0927424001396
187.7675876259779,170.8813931390736,49.44445509911078,98.33876325318597
189.9282591782031,171.44901004483495,48.47073748866372,98.6133705023017
192.59186245692223,171.22740781047844,46.40816577886644,99.31234487944286
196.3717617979914,173.12786512689695,44.87870156938429,99.15113423563477
199.25924628403374,171.66667083885926,43.593618404337036,98.77294111806088
201.25601813520646,168.87631915944038,42.02268641540098,98.02592288113448
203.3046754860643,168.62118650809387,41.31180698399474,96.18866354088317
206.7907612818823,167.738089819827,41.71134521596712,95.87414412215935
208.691458679238,165.5568125975233,43.708265469473524,93.17423003801918
208.65501601908082,163.24285741487984,45.84391567282927,89.94013326219283
208.30539469378112,164.40392720367504,46.60071553375488,85.90199837286534
208.8703824489636,165.60401091689585,48.21398586346253,81.84688497684215
209.88673210748615,164.64341360354956,49.07818600816364,80.30798515163039
210.71822040038262,166.10209622266245,49.283237943908475,80.63923470146004
212.43795371627823,165.81113947761023,48.31782469499083,82.63690310584825
212.66720147574003,164.93895975483565,47.52905116689095,82.02120758160984
215.0620786252809,167.96181851843676,47.15193505521765,80.57651468209312
216.27741577422657,165.83582514188367,46.947195024370394,80.57477733699372
217.80123766895608,166.02957131951598,46.927624068926264,78.20554677200472
219.3033948545383,164.7764144847871,46.919695748939795,75.5791466467542
220.59950020500284,164.92986298155196,46.25688072366991,74.67679215896563
223.37410533617478,164.00755491530464,44.81937242665806,74.24581024229644
224.94910069728954,164.8872774439139,43.9876948262242,73.46980713396866
227.5364130826801,166.4138147129514,43.741464849907146,71.859038995239
229.66980409452734,165.99553107242792,44.085907000712226,72.00020597864423
230.1347820126058,168.44302568935257,44.71584250767208,72.58534884776125
230.86387724169168,169.45184158681423,45.35275722070388,73.49048302306801
232.8085235362114,169.05238712785044,45.879178418743294,73.74260330812588
235.8950852880606,167.96690133076942,45.041613329504145,73.59585568117282
239.3122369719795,168.47304699556173,45.45810437237192,72.43951624193755
240.79839927139332,166.1779528077942,47.73342801268001,70.47904353043648
241.82971590405802,164.67936094161234,48.6556763868312,69.29101512748524
242.97658578081072,164.55177372296322,49.397536103464354,68.28993846805807
246.47283343943778,165.1708685106213,48.215479419175345,69.66675009437151
246.27930398227323,164.33254322978894,47.81989215430518,71.1340255129851
246.70946624347846,164.74327939037752,46.63442348998228,71.59900953831976
249.46173646023388,163.86426141666462,46.04903150160083,70.90741427160374
253.4134029421728,163.53772138894962,44.82871245373862,70.68463506647464
258.9121337038905,162.13062137851773,42.32712056683883,71.71390140108198
261.91898246425757,159.6027488496657,41.60318363570437,72.54563837544259
264.2577990662351,158.92609251657183,42.011850327989414,71.3506452917371
266.6117663048245,160.03181663884442,41.989303462199814,69.75528901382096
268.1317072395245,162.5352880716489,41.81046337708639,69.50248318739659
269.46189236259943,163.20646970345462,42.64757352339254,68.90865621252337
271.8511241636452,163.11383723900855,43.76059561237163,68.34220089176264
274.011364462969,164.11441654701773,43.80278591216144,68.19007098229493
274.1622463171201,163.29957200682884,43.71731257348912,67.50630591151914
273.8682167264125,162.72461890120672,44.63830872728397,66.49605801853059
274.6797370769147,161.67428717981426,46.40142267792143,65.05395298292191
274.7660796173412,160.21190206790544,47.18108433922167,64.10754624865548
275.10332150044314,159.87717837736668,48.2940511250044,63.18202423791017
274.81103799989233,159.66790736928917,48.63629869122488,62.26334165136592
274.2306516667431,160.41954889277932,48.5882363517632,61.681549631263984
274.28784110167504,161.4076911528806,48.23242764634132,61.802512950035435
275.1813069173161,160.75307227164905,47.74303250740694,62.78972895990262
275.4372783500548,159.29545315862075,45.92102520692431,64.91789804409444
276.475608605727,158.54236945560146,44.49824058297388,67.66799781650417
277.7411290389831,154.40455285919936,41.979439673689924,71.71897776528982
278.2608792813507,152.36241342948824,40.71172271966688,73.99580823756608
278.4360128149477,151.92213695035863,40.19807182585949,75.58573955752725
278.4972301417785,152.00786465496304,40.27181472930866,75.00308767805777
278.27027672178696,151.89282506202204,41.207345636121445,73.12389629127745
278.3699538751361,154.0298464572319,41.37038780807609,73.02940319491898
278.11295353621455,154.29610454799555,41.29606364108202,73.3019376844923
278.3616448995343,158.10318152040026,40.00607450107799,73.6268305994241
278.63483926515136,158.54890338577627,39.248330530691035,75.9718001091048
280.0725688558936,156.80498556216824,38.307903836122144,78.59019067079538
281.6344984335732,155.5023661165066,37.387718281913486,80.66057449438873
281.9358606751314,156.08114253117844,36.289526046578835,80.90032572311996
281.17545812725285,157.50110480716478,35.77766708174329,79.55199739307113
281.1180560323064,157.35450841971712,37.41661222565375,76.98021256977614
280.817549034036,158.7740505332642,37.00122826916123,75.43299714856735
279.93719206771385,159.20141907068037,36.38645558948552,73.95475704438849
281.67876557341356,156.1471391835544,36.38405985410236,72.80289268152497
284.2254335748301,156.8061512049062,35.42504363352633,72.7387357881744
284.1706557972341,158.9138893233022,35.495679728690035,71.44227495894468
285.00104491215546,158.30157007377295,36.659885095648974,69.8692495309249
285.305898332494,158.15047499902596,38.479260648618194,67.87514975961201
285.0543125695836,156.75205375245724,40.25533454393811,67.94056386796856
285.05565164355306,156.86459506691943,39.809903945294614,70.07802672930904
285.04422263799717,159.80601538904864,39.880344243747786,69.9726948207074
285.3935891640041,163.23608206481524,39.437189501031575,71.9109947730072
284.67251430665505,163.0153459627686,38.94468390700614,75.12495867059715
283.9684285880535,164.11072759090746,38.8675012783142,77.66496981693783
284.32707088976076,164.3343866093432,39.19020793447453,77.32456720185027
283.16802204403155,164.67936964407758,37.27446897508459,79.02588774393855
282.2526056120833,164.58237114463185,36.83825348006378,79.50671847615027
281.52475618220467,164.38939477124651,37.36515855186482,79.40875783109237
280.2772150775521,165.3944569833979,37.45844895018055,79.49653379741461
279.4787495524888,164.56861074854217,36.71712888641563,80.20558018091009
278.8663584044449,163.3035116353157,36.87290485868901,81.13897271564399
279.58617765417324,163.17087043270195,35.341400260888,83.99738284838003
278.87377500230014,162.20826985127576,35.03223384966071,85.45280401316836
279.97228767612467,163.6871532398236,34.54845818539181,84.87217895016875
279.3495980253733,165.20940654932915,34.02603024164003,85.91297420722577
279.12980580233943,166.5158260863062,34.61019400885378,85.48565530539081
277.078647337728,169.6245454712433,35.59364139500113,86.762710973688
275.12810241576426,169.60394059660354,37.44000249251444,87.36495081282268
272.7222928887665,169.9938394358393,38.618471207383365,88.33765164185087
270.06453547376077,171.22411274356222,39.02951702418066,88.94908431069153
268.833364535693,172.67984183030129,39.222340524919446,89.78419624753445
266.66131207706024,171.5368906369274,38.69534883116208,91.25194495491135
266.8340807428988,171.19679548589482,36.83313113964455,93.20886639043749
266.01380845691966,169.0960009216519,35.19398878380741,94.09683971997318
263.62150283639653,168.31107657244758,34.11263895002454,95.75876571833427
261.011030141111,166.73092723742604,33.430469544910814,94.40999542246551
259.0298045537881,166.98549702001728,33.64600752490027,93.64490311160698
257.0674467843385,167.78769020512846,34.03676033720649,93.38045562039767
255.30302182328703,170.0329129691136,34.13026007963714,92.91656896846501
253.46882769767507,170.79003159094458,33.69949195116132,92.34980906550132
251.82075628157313,172.85103328720672,33.94755600795936,92.36950451025729
249.90834726094005,173.26403544148687,35.07710970977847,90.82993485211813
248.5595120296156,173.65477305766058,36.35279788406679,88.43080624986715
245.69784635506193,178.15894522727683,36.233421599201975,88.26257173576889
244.03434411968726,181.024257450251,35.716524912572126,89.10407034051028
241.25455597017253,182.4346821217685,35.79568682103765,90.74426578583589
237.76383466518683,184.02207410151493,36.57438351654983,90.84530327371547
234.7358458614275,180.90677061237196,37.95179609873891,89.23225991096744
231.32530708771358,182.25016197761792,40.18632913246434,88.79424002646857
228.16770284092948,183.21814238048825,42.17339832091777,89.56267976012609
224.55934154734865,183.392882606846,44.26875583773642,90.72547941395509
222.4771424611997,181.32821287156887,46.12737240717486,91.55858022369699
219.5565626106521,179.4133096207444,46.308297180138915,93.56411158935198
217.2633129765473,177.65755088508445,46.56810815870617,94.2929690531951
214.28716805013295,176.71678714630832,46.422071805327604,95.30172192976462
212.3977918468783,175.85258122997797,46.54304284930333,97.63450536972897
210.53130549252495,174.50932114921528,46.72637800193398,98.00066987749153
209.527314258663,177.83641212875096,46.87251795657345,99.82824222139868
208.30973402850125,181.62660072038938,47.269587472606815,99.35778697034232
206.8281227359943,184.42269472961064,47.71768812082263,97.84879130038001
204.4229766631261,187.09178685593014,47.69950383757343,97.60020141190725
202.3245755389776,186.60874558890322,48.08744125394599,96.92713201515213
199.89954755282298,190.26317964016695,48.67164715911659,95.25878019375254
196.8016659928155,187.36341707383974,48.96300802311959,94.72778421968698
194.39759008364373,191.92319367488,49.1838271159382,90.02888769866726
192.50767037552876,193.03511457040264,48.54304942859146,87.1755811024958
190.16293081166623,191.14967307660106,47.79787288996519,87.12608006452521
188.10572962964625,191.50751073639685,47.42066568064095,87.83275240976671
186.41196882666398,190.64848493702158,47.398333351363775,88.80464373973373
185.4524895178103,186.20152563862376,47.849208468209,90.34264774378642
186.161319175084,185.776795166658,46.85684534106239,91.76818674500709
185.96903848344925,181.7249450585194,46.83764718520455,92.97246193152962
186.25464430317317,182.46784962102174,47.26594941027395,92.66304536176176
186.35603176733846,180.4324972685367,46.72816797669242,93.77595635411586
185.96883767336382,181.46611938564874,47.30870683946167,90.91888948185697
186.8104302420939,182.99900913136162,47.545766753385486,90.02856699116366
186.98074021944265,185.50476959482978,47.50491774995901,90.47783097633666
187.9136233954164,186.71722229700947,47.880979839631394,92.12002705055397
189.84908745760092,186.70569220079895,47.88512872446339,93.10488459958054
188.97031707663785,186.0649031225566,49.24564929543534,92.47334117498768
187.7292570656852,186.17036733666134,51.099653782558214,91.90344091259544
187.19950326199813,184.30793312083497,54.28339916573496,90.44792995353163
186.08422979995018,187.0877398477034,56.56511394300746,88.47792493065717
185.05356555616225,187.63059660323708,56.85659158047804,86.38115451956543
181.3829027200226,189.94666167540254,58.644320279338146,82.50955067471111
178.35314992364968,188.59269997611477,57.21180764927516,79.95099172007619
181.72212912331116,189.24108654041007,56.93333954917708,78.15368721607747
178.87211344085586,192.15218013429745,56.944759883509036,76.43736932151555
182.21694626142926,191.7385276896983,56.769706440238195,76.50308426635125
181.07019863611936,193.1436801665638,53.16938855761826,79.03867269564638
183.37952186657014,189.10091587598197,50.14141494732556,84.81768009951814
184.56556610331276,186.97159903428008,47.87119563973768,90.2687050592815
184.6005816449869,181.20203491756968,46.81302641714146,96.10312328598846
184.42362739172444,179.48857999211072,46.58024855090945,98.84321257025213
184.47182472320907,179.9077542396481,47.43529177846982,98.31874147891347
184.14719796592513,175.53688994388926,46.769524970238024,100.95556255776634
183.56046511228635,178.54521315562704,47.29066504732759,100.38113682215703
183.028173342966,182.0096729224444,46.868312612800864,101.04244918396913
182.74146533199846,184.8064360128484,46.013449473282705,101.38799179741162
182.3997467886466,186.12758242468817,45.551277061962416,103.42915730197907
181.71860008463838,187.28007583721666,45.90755266583308,105.15907114220535
179.80634783867504,187.14354070342353,46.49027711511144,107.83311782924042
177.88774902402878,188.89370752581587,47.025486619556546,108.79943133258809
176.55358687136726,192.67489200002663,47.1777715533891,107.46715347913725
172.86166272569295,192.367152358842,47.47984417945452,106.8538119607253
169.31882892318072,191.7290629469406,47.709194741174514,108.34404633760673
166.35512363556523,190.6089084322072,48.282102638488,111.00079704607441
161.8496189137248,184.68631616053693,49.21585111109955,114.18466948614343
155.76388354474625,190.72234744529408,50.930109400936566,113.07778445263986
152.52454167023825,192.46990208103512,51.92233437157121,114.8312203509881
151.59819223115585,192.20570593041876,51.91004027354735,117.65349812165749
148.43954045126904,191.4473806300293,51.88888910996282,117.93891762902973
145.35421074714205,189.37334935784835,51.146114489591284,117.2614176962798
145.64415146433944,191.04264889511913,50.64454466988872,115.08395942126066
145.82805956141738,190.33866820992554,50.12830712859158,112.87987478830615
144.79310439852236,191.89568991738759,47.54328114075244,110.89931728665871
144.85565488674695,192.716584384776,45.459930595364064,108.75666563425341
144.33974582463762,194.6837046434909,43.41052427805443,109.14873956613397
142.52053033228773,195.896133297798,42.29673415527128,109.31982570844747
139.94758596043079,195.53146528285052,41.323559044767634,108.89364678282179
139.61551024952638,197.51189092271238,40.51029335517969,110.32023761506704
136.09127242908366,197.42916909742684,41.90144849664496,108.50156089668064
134.81120267098578,197.72778563602105,42.890922891762216,107.44004629030408
132.13422901852195,199.75343820232456,43.61182690750531,107.23680200402578
129.49150084363714,200.82020142538298,44.27451628568677,107.49297501698487
127.98638282412304,202.18835710253904,43.80221934665714,109.22945819544861
127.12429219796347,203.68959179158335,43.36689451644147,110.02271273246008
125.2994292658309,204.37328043297506,43.35389517051679,109.36646982381836
126.0317836098838,204.0301296631264,42.54247985361157,108.74871972586617
125.43308157894374,203.86793455128213,42.69660796315251,107.66990634294916
125.89873027060281,203.98891947135868,42.38791822820701,106.54452157865131
126.08434557912763,203.26286252632858,42.373845974022835,104.78145006488768
127.51323180195591,203.43232831150107,42.68020087821978,103.98947595756871
127.5859578385502,204.95526466677637,42.7058324341625,102.8767134841397
128.38932216133512,206.67753016706496,43.00282917425858,100.80512552727134
128.49869556268573,204.8541786697823,42.693948741818105,100.77726153766002
130.64442324709512,204.26821561792917,42.378176585279576,101.86809168510035
130.60753871630806,208.0118941387353,42.13166268095516,100.24194832757014
132.61363083585596,207.96941526356318,42.66435358681785,99.29239868407741
132.58172864457873,210.6393235656733,42.920956211345214,97.15854068466977
133.8676907995733,209.6697989996423,42.859847760197056,97.35316559283197
135.7855771232206,212.27040991253836,43.34302624281574,95.87317737337834
138.10588198042484,212.08726689974714,43.247315515223676,96.40733876338354
138.26077383800646,209.35781227621638,42.05296012857454,97.260501741219
140.05403174721252,209.00598244894533,41.907211836789045,97.53013509485396
140.19797651176856,208.26422305924532,41.310396798224154,98.36319559798216
141.0629202618702,209.1790933763252,41.59748207824851,97.53618545259957
142.45498166611657,209.87970665809115,41.708267221110745,97.1591811438208
142.6160606187455,210.01534723512668,41.080819510917394,96.72741281476195
143.57446306665273,210.01034214261654,40.17591194061871,97.2111770481297
143.73433952116537,210.183312315877,40.33377066274844,96.87205891746757
143.58315074840908,210.32362823099027,39.66205113518287,97.46937757676208
143.48124089205518,210.2991796960817,39.08211232681067,98.5477330501666
142.9380355232114,210.79957381770663,38.9010823878091,98.94451994691613
142.460790907103,211.02054139948504,38.72339975074796,99.94339772872517
142.5409664928966,211.87489793829172,38.19702766126829,99.32356638214512
140.91136771567392,210.39144175102126,37.9640393846437,99.54631786610685
140.5522580824661,211.9627610225955,37.70919255952184,100.23351998305364
139.06619154791036,210.26868270127187,37.99863071667653,99.8505851645192
137.97320524417762,210.6792028778267,37.7250410225063,99.15439266310318
138.69888258472733,211.02569556440125,37.2900363723059,99.7066223482808
137.34120600777607,210.38682585164952,37.40534456046444,99.58403075342902
136.91284142939077,208.88860937582126,37.29990526211114,100.37014800073982
136.50846753177274,207.53885331562188,37.61820911241611,100.13516371839815
137.8979170395259,207.19075629365324,37.450184272935196,101.04517287027701
136.82085002093388,205.9809847848162,37.95114379058036,101.07752196972295
136.37134211774864,205.39006922743184,39.32761673286659,100.27692524902723
135.50844398536276,206.08346008794527,39.56915172330061,97.41516949178363
137.1454083538478,208.05659503829406,39.449791420092104,96.91101918947467
137.870819394999,209.3195369786749,39.26207473024581,96.36436630865963
138.08924437975375,209.3429843389009,38.084709051812915,97.6741169338955
138.4236586614158,208.78845038561383,38.14209185752648,96.89358325222042
139.7656043226859,210.13269016504807,38.300108513044094,96.65063196216602
140.73221900604767,210.5926533092118,38.25524095795848,97.79418962731447
141.06010839861133,209.22970671078403,38.878370187128624,97.88111340278334
142.5718245697902,211.00497147570138,39.57205730010837,96.77372938648315
142.84648756948752,211.27313394707758,40.8652175630352,94.49256298731751
142.92022412280585,212.2841797305089,40.99306778775464,93.43990746991625
144.36880372124418,215.05677697308846,41.97563523920868,91.2365668417975
144.80398731312096,214.4684169947804,41.91289424325648,89.7941137484869
145.51699271975423,215.02721775438923,41.25896474550732,89.56618772727796
145.88173769111856,216.01128372952155,39.72638297872395,90.63038271373512
147.2995626269226,216.52175827985448,39.81629191258155,90.60639037872096
147.5361454230124,216.7276595905943,40.498240851919,89.84317355359754
147.79600841381148,217.7421512162602,40.77586527696756,88.8082680443655
147.94462450281736,221.1478236589962,40.835196577664064,87.76649923158637
149.49314501883805,220.67736657158713,41.262675942809004,88.47761035087966
149.35693938163604,221.90762795257479,41.82164048087725,88.34204710542966
150.3068765367334,221.14457010125196,41.92073846739729,89.59766021098169
150.07196421757658,223.10069201042987,41.80007306254764,90.7599522393361
151.1537633025851,226.45753374057128,43.41982702914254,88.83169873358207
151.14653641131287,224.33905253641097,44.01960611238054,87.77056305459189
150.63688013647914,223.11539246426406,42.995642352080935,87.89141163173178
150.70869637607512,224.95827808566338,42.89415223429151,86.7953515782032
150.6482387217322,226.55913398503162,43.26729857463357,86.41661922969251
151.74018635284924,225.22671333484675,42.900869690611515,88.00007587124875
151.0406613122193,225.45452892264095,42.7527477023218,88.48273201341324
151.68700055490768,224.23031893356782,42.16818097994555,89.62087369508886
151.35383858133423,221.19330922002732,41.866962994032725,90.44963002249943
152.0974622452826,221.09457336075036,41.135586127599964,91.1611132433193
151.4403013158053,221.05714671896106,41.20261141482297,90.03428002539488
153.21471890143445,223.68951650784328,40.88771422230915,89.29234137002427
152.21972623503893,224.58145805444633,41.28702920788648,87.61110237015282
151.9005288097411,223.63308104478222,41.41554315809914,85.58390690942427
151.1978582691881,226.30757154201973,41.18660653782726,83.642481733507
151.62942963400582,224.59233095892444,41.39257992376193,82.13236679602934
151.97055309905477,224.4041927739336,41.23197025457782,81.18298532146758
152.02028660906953,226.67138418148258,41.09428549627755,80.03364922687439
151.89328193291857,228.5775608736082,40.76972382702266,78.84558464000168
153.1979998993835,230.52717055745762,41.189283408008805,77.04518929650328
153.2227282435184,228.73951788505613,41.10602211681798,75.66873434925304
153.40997841122982,229.4261453697364,42.46192270130939,72.7727396118643
154.15090426889842,228.25184506347262,43.5714797155254,70.97109169686499
155.23260822760963,227.92407850353322,44.39283089043392,69.32335686096371
156.12424016311874,227.63386345202264,44.18505165286142,68.94256395773641
156.21912764071095,228.10136617672867,43.88708176533546,69.2706355289695
157.36763297329804,227.8468587148593,43.0762913407542,70.1241963237276
159.12909366857102,227.51140857319743,42.87241525546032,70.3131063888888
160.4410001626546,229.31864581973556,42.33150589087408,70.89492620352127
161.87195931898464,229.03463116202894,41.927889599240615,72.02572856781224
161.89330915544747,228.5152663867936,41.45074976055686,72.86862313886797
162.22948912687943,228.41763283291584,40.68324534467665,72.93654797779894
162.6618753874106,228.85149624155687,40.45969410848067,73.88460752221118
163.15308285947225,226.12622724080524,40.78257069782748,75.50243931071702
162.7459591166309,224.04622569413002,40.74703470334283,77.92666323784586
163.53408513196513,224.4304191804573,41.68107567957135,79.36676282219811
164.58307413036232,223.93087591819167,42.59727166730454,81.13245275697334
165.15988255240353,224.87305668595363,43.10221247664926,80.94620895445115
165.99540814157263,224.12533044929353,42.69220472768576,81.70476884678533
167.66801969941378,223.93002753576081,42.545864668644064,81.86141046906252
168.32660748368676,224.63125585270907,42.48951759512376,81.028866149581
168.4586257846204,223.16844653801311,41.470385570988505,82.23596342239027
171.36304456051724,222.97185066666214,40.765436530852575,83.2222992838781
171.94646529440243,221.6792437715024,40.346944670073,84.93054975680332
174.09445071985456,224.70220769186062,39.87590639439457,86.50391942051192
176.00643034005793,223.7675569946683,39.9417567624473,88.73386247320269
178.5405923300583,222.64921464564438,39.833608296667755,91.3352168220436
179.94173293584907,222.4662766747367,39.59510882336745,93.28355578990573
181.5337496816651,222.22833472945098,39.20413706498122,94.78659448375319
184.66650893870425,221.09930664068224,39.09275091708339,94.80229054623939
186.39211903951758,220.21692440614362,39.19690867566181,94.74984600996083
187.45339024751337,220.54342089069624,39.200230527019485,94.76441314141101
188.96436543597113,222.9954811064003,38.866496121096986,94.36249855869676
190.2633489843195,222.61729244547357,38.84980973271325,94.57342292816526
192.54783161597206,222.3435725924379,39.52401091609393,94.14487239843103
194.17586552376247,221.86439717577963,39.83887238937722,92.84515896172806
195.56882291727067,223.8689952727878,39.87364966473879,92.03763174544918
196.80498532969608,223.71874150752132,40.782881827650364,92.05072368211964
197.1714208948389,223.48597439539094,41.06179322433469,92.69264868837902
200.68706455561914,222.0339269738572,40.796242959506365,94.13240582488058
201.51076068242264,219.23132469389736,41.4340436723605,95.96404938397635
203.51224324002695,215.85641209553182,41.69575274385848,96.55924105867369
206.00973834859545,214.3844930346206,41.035251872272006,98.17916954018398
208.58720061520532,212.80271485446048,40.289806480287595,99.39988282093724
210.8915646815557,213.29989375073495,40.25495234432147,99.12637996641857
211.77745865890466,214.93085454016935,40.52322490979566,99.1271768266519
213.38927292035444,215.74316664271714,41.078321295724855,97.74254841406446
214.73126419699437,217.26576281678445,42.338727608869554,96.96678598803372
218.46448407348385,219.77051000790988,42.60574446752392,95.90872216494117
222.03272301222307,221.16402621161274,42.865230735705815,95.51993175430061
225.87799521187597,223.53026539844018,43.37290658939078,93.17161938291929
229.6106657057316,225.55723022871308,43.67628575167336,91.85059105713609
233.00834808588706,227.3505234163571,45.0103708357228,90.65469858481737
236.4124082765041,228.0129431181694,46.251534435811976,88.29289333417742
240.95258393312545,228.14414081540173,47.60022212403413,87.9734608134398
244.76025196634143,229.472663190914,48.80112255357385,86.88155225664441
249.47230020835232,230.06023303755583,49.842640388399744,85.76509202483993
257.34047029696364,231.7820404157922,50.52404770873565,83.35169873061693
264.3027549350108,232.27069492528443,49.983086297021245,82.54304455579735
270.1457369756739,234.21245221602476,48.04622576183765,81.26307945475492
278.0611143763589,234.5292670425389,46.9914461878236,79.61445327310118
280.35521251075295,232.9949110732186,46.48724001608138,79.80094589716654
284.46309994467924,231.52952877030305,47.35018047263069,77.65291459311604
288.2517515367967,231.69500559149554,49.35034329944308,76.62158056580907
303.6335904913167,222.05169937186346,45.994893310935325,78.3665670285107
306.5220498350141,227.94060061115425,45.15040059934005,76.17471540136953
311.91478788634845,226.35253838659767,44.709966725370165,76.2401256533239
316.43213278680327,227.069976422134,45.73009412416751,75.56227828117244
327.046686038046,227.26058293394038,43.563956829445715,77.82856553412526
333.9665507936111,225.10194179943764,41.02639330342299,80.50501621343192
341.4713039824902,226.0094795592451,40.23548338409981,77.9823563127135
349.13052586762245,225.16448513744248,40.29021904956528,75.28781985724648
358.10502922700226,222.59708238433635,40.9348841295117,74.192178547968
367.36358023279104,206.1709438517867,40.321211149306194,74.9079085244443
374.03927384223994,209.97381051291492,42.722275827075954,75.88356462937287
371.66409239204694,200.75910574783995,45.69677972916324,76.19145316342905
371.4073578578006,193.82743744628254,48.13474902463042,77.0531151144443
382.1316497589096,205.9976678940613,49.170219787842115,76.82118998548833
383.7831863928391,214.83375221380672,51.27933171209126,76.04983540239397
399.2059201318841,222.15899530956153,50.403638480217126,76.86289119544244
408.52860688591926,230.7106149916035,48.26488156455396,80.43888728973252
414.88364034992884,228.50678816656148,46.19197589141768,85.40574200154222
414.97266369990416,226.6176881475264,45.181050124999686,89.51942404091697
416.0696259365352,225.1874269501351,45.13619376887942,92.63958939434067
416.7186521258667,221.6409605745447,46.03264207495454,93.03153576017598
416.29473268579693,218.69107481936703,45.07247645661232,92.98054833651031
414.93429856973626,215.51844525065698,44.00509352715838,94.55365314272314
413.82906270161243,211.22147333715645,47.06202882446402,92.9620853806739
410.3525513440844,208.33213528691007,49.58136146841417,92.7049042805441
406.50155954134993,205.36391353427194,50.45052418154904,92.60735120378908
403.974852284123,203.2553790322864,51.048635980701434,92.1195027768825
400.885707500806,200.86024745320466,50.60393064758574,92.84636518965414
397.9493336787435,199.36035943904707,49.04576341286541,95.01195579650249
395.68149150790816,198.10827365365327,47.87134281221438,96.64345784929618
393.50933200367433,195.22351841428394,47.39519148758272,98.38983409646744
389.70171788844317,192.87324606816895,46.55659758211971,100.06823828576776
387.0482154261148,189.2599862676289,46.58985124792635,101.07959894748626
383.4077666720405,183.785929531613,45.907493350648934,101.84059961129054
379.6656895086769,182.73634643673788,45.31846080298649,99.52254759272778
375.0223111569264,182.03385963321907,44.64266638954412,96.95233413654825
371.67073156896413,181.2054684509881,43.77641810239489,95.27346033493352
367.387083486085,180.77812605176567,43.54171517605124,91.75400487077462
364.74706396761394,181.44720630241673,43.67400097431531,90.55945906394861
361.0827927176389,182.21434368757775,43.76223185164571,89.2388182332504
358.3766675750935,182.22667358006169,43.685437947283376,89.65929985314969
355.94924214696516,181.70086853888833,44.08481633421022,89.32446810867606
355.496349482083,181.9626542514552,44.55964792290089,87.67745379528245
353.53230287510894,183.30633435191638,44.9745737555624,88.32721603469821
351.1543302433604,180.4080962835549,45.249798022202825,89.85890831216825
351.70667483698634,178.99688236550685,45.72100688621289,90.74352119732131
350.5378635161853,177.4191785847098,46.556064143903825,91.68079507094237
350.25259765600384,175.80570998821412,47.32806161996781,90.38068749083195
347.61856138321536,175.93207673495328,48.314331034441295,89.06634735176951
344.77339574758815,175.17357863456385,47.229309827668345,86.51074557204916
343.3662916503853,172.9029032954731,46.261541560663495,85.67016256111324
341.7135701404288,172.64285217906468,46.39519803386932,85.56268468767165
342.88203667970606,172.27139860332989,46.08239696863573,86.96071495372715
343.9482301181009,172.5647206293477,45.683903009479025,88.42846014004904
344.6463355990163,172.99191636940355,45.161933101706424,89.43667041698687
344.8174443164497,172.73977958039677,45.01903790540405,90.89109639215621
346.1421795402423,173.40547160664897,43.95053261914251,94.080537248862
347.3923862165515,173.46818084392672,42.40911800624343,94.22627493633007
346.72840335171924,172.9009738104109,40.61314159914343,93.47897167910483
346.90740563138263,174.81930465501313,39.571722997820686,91.75058397290209
347.33760764064914,175.6539379691977,39.96771527292778,90.18610257081838
345.3752187671043,176.99415003494732,41.09532500358371,88.38306101578476
344.33326880738326,176.42283496641255,41.28140933788937,87.42924153928314
342.4170520802502,175.93220350347946,41.15233904803013,87.86137003187977
340.66089949130907,175.56291927233633,41.44476245291739,87.3671805681788
340.3125426089976,175.43061881147315,41.485059503348936,88.33834412818791
339.166991737657,176.75391511161615,40.75874667617536,89.41119890224584
337.7468311852129,177.22587389984636,41.46015915641449,88.9447367927711
337.68873975449253,177.39150255175113,41.873876424040375,89.44008910047279
336.15206335122843,178.92448515139506,41.65912636534944,88.51266798382656
335.14238315171093,179.37376450551045,42.31986695523376,87.30900361921036
334.62272521017235,179.3295746967533,41.90390110384437,87.72502192242794
334.07211624645856,180.54109609455216,41.98526877721315,88.40531474580297
333.04789192885755,181.87027789345703,40.49983980125492,89.86943154044928
332.4932875709098,180.29964001963816,40.24507561485244,90.09020081073108
331.36030755412,180.99097955404517,40.142375198450225,90.52811819844473
331.0816469409054,179.46050004706626,40.22645125118687,90.18060968119835
330.24982071855896,179.34073372315945,40.2007999401195,88.53840509680373
327.73864689391775,179.86670071166645,40.12894888563611,86.70115131464445
325.50381115316776,177.5894481833363,41.6630577565098,85.14968884963733
322.8376979221718,177.1630712481869,43.78602423162426,84.3274709010121
319.70527340169974,176.4910753782971,45.590884678513234,83.66409383776744
317.7418227369023,176.00092718049194,47.456914407003424,83.98626763425281
316.4846999955307,174.87413041191405,48.82211418395133,84.08386937872976
316.1914468522992,174.22179863897702,49.27190467084428,84.74717305893844
314.9602439065898,173.4595933485519,48.74503939832255,85.7020105354071
315.06069867706094,173.04344130110934,49.34416384394872,85.45479047086074
313.67490618577955,173.32602449444386,49.49435419226472,84.6097342621855
313.34673018665103,172.57898597682117,49.59757306044819,85.03618517877086
311.80658267694287,173.51178574985087,49.3883304116364,86.01821160355193
310.6119033681843,174.84018330011364,49.78555767672887,86.97243659122222
309.0533856953658,177.17330174320546,49.43009079076799,87.47565046492625
307.8809932262362,177.65917734041687,49.35329589122812,88.59273188730945
306.0250537294215,177.2809002500043,48.621254749359586,90.6640591508678
303.1119495347074,176.78365155581974,48.85223732778313,91.66187344155959
300.54094664936486,176.66352228960892,49.361604644030926,91.3436031334394
298.90938036515195,178.43296895272897,51.131998250283196,89.70617176608448
295.2967705184743,179.6989386000245,51.3830448746383,89.67057942202443
293.1807467900925,179.15223599816386,52.434017712108655,89.5537509373912
291.0847059538258,178.89551322642106,52.79734710536049,89.65912824118794
288.78026227633546,178.6983073564362,53.00803251789725,89.34044872692337
288.11377580085366,177.00117583140457,53.02362027217505,91.33090628267811
285.89863160032996,174.44595557686307,53.66805099576278,92.97066512443322
286.2535454392039,172.58584990797007,54.37163529292184,95.28800783371737
286.18905010580175,170.7727841081567,54.22242583999227,97.60199920697993
286.2193131906316,169.162047034497,53.81565006014691,99.38648750396518
287.0947264274311,169.01826735165596,52.84515662869269,101.32632457770086
288.4414889332538,169.1526071108879,51.58366634795861,103.56099031032036
288.6150397349989,168.99716902241795,51.01276368295741,104.27508833288707
288.799000830493,171.69659867460382,49.59681993702228,104.35147259693575
289.53390583041806,171.77133934229454,49.881011793022395,103.01102847011146
288.3483249134771,171.10059705616084,50.95779308128813,100.7832960757498
287.4914004322686,174.6996773441947,52.93326861512195,97.68223003550975
285.1230971335137,173.05194173918142,55.11092693420471,95.25654750942184
284.0211995423165,174.54131190551652,57.25612243966229,92.52737559441994
282.6562042813127,172.81642011554456,58.56712163438411,91.43979612199568
281.4286738349992,172.5587749823795,59.81128055137932,91.637435325122
280.88905164249917,172.6467826121645,60.02106876438992,92.4309738937915
281.82013230858,170.21588463939275,59.41078903165456,94.89507477479023
281.7296791410418,167.2788511573338,58.60668486200835,97.32881051828136
282.1532337392604,164.90657653848655,58.24675688204961,98.33579638431749
281.9966453192056,161.52925376384928,56.78563541187931,100.27089428039378
283.42317041611415,160.26880356948737,55.6642707372806,101.19999827095477
283.55428472257785,162.04063577985826,54.246158692918634,102.10125868160338
284.75625125905134,160.26511746260246,53.29730958622683,103.16043325747543
284.8293021114128,163.40992286118046,52.736912535959,101.75417473998253
284.58488408187065,162.04222716025293,52.306638118072684,100.4669735972819
284.88705587849773,164.28299965929466,52.41385060182198,98.55619695552173
285.99414794489303,163.8534014742614,52.33869144194705,98.1198546617241
288.08095657058385,162.78762656359035,51.88233049816731,97.95936890338483
290.52786607293035,160.47484480757086,51.01645128992212,97.89137515300314
294.49609284873594,159.71762202192716,49.51303549618443,98.47827887229317
298.57431703791394,159.04638589005484,47.424342340149046,100.0100638026924
302.09262873716,157.24933413841833,45.82773139664346,100.40146931364058
304.730494630003,156.32138717955183,44.88052706151892,98.3776206089981
308.06703261671396,156.95513411093003,45.14154217925311,97.27077102417195
310.26538866733415,157.16910190004563,45.071726745493166,97.33006681972765
312.53286134122857,158.24641101416495,45.0011669071953,97.52267568804666
314.67863692528243,159.83731618257087,45.63645413706724,98.56562540677683
316.50400111009577,158.49208768318357,46.40683305961595,98.60124575088831
318.2673252977103,158.95324355610563,46.8484340053708,99.57284024073905
319.7171365782023,156.45056320834928,47.758797082051515,98.84926950924985
320.04131076378525,159.09891762914629,48.46247064348758,99.15248189415732
319.98727972099255,156.33463551979665,49.46308546249428,99.91899596103161
325.2193641214385,155.19528772044208,48.92404178367266,100.89991998667404
325.2107948854762,155.97004629298846,48.45292862910567,100.06009263755219
326.6351567785325,158.0650300656837,47.775293538519236,100.86157111038071
325.8108137436544,158.5696289448445,48.94800013110833,102.43259953499671
324.9110717108164,158.96614858154288,48.82922707951303,104.45961598479029
323.0649029470763,157.47410238407724,49.168850306837484,104.64695664212695
324.8365682606594,154.6631996881813,47.907055781966164,105.08859006736608
328.973355250232,146.18997057659863,45.89687711226931,107.23558025006511
326.1892823506279,136.02827707945215,46.15375601236863,104.6806618091774
324.7871807390419,135.0267775730391,46.637831509939346,101.84989102372467
323.3389087318558,130.76643958189513,46.15702662447035,99.67721430673288
322.425089097556,130.58976432587932,47.27371015404857,97.71352175273974
320.9718400263914,130.32509890894445,47.83618578394176,96.00118150125178
320.6374174127342,131.57148593430384,44.59238757863904,98.15058264813436
322.6769195396332,131.82406741407593,41.72336226294377,100.84120091951667
321.8534130180266,132.47676098194822,40.107137352971,101.27301893151531
323.24129222194574,133.03829908463632,39.27681208493365,101.432489127163
325.42689111169386,137.672292716304,37.71824448198164,101.11245890270695
327.45830479138783,139.16900706667752,36.42733637308195,102.71771069817578
328.48253478907515,145.68432338222198,35.3327484027203,103.73612362983098
328.6557437959339,148.21861587935408,34.88626553020857,104.41341304047404
328.42122973258586,153.5152600912421,34.93425970824476,103.58145998962274
326.9307773902336,156.58641448122458,36.1613157210362,103.10089103586023
325.750347069513,157.57591273961725,37.77262035747624,102.96997849200582
324.63462350466403,158.26266942032012,39.42747522061461,103.78125979498299
324.2846292820892,161.14859109738728,40.0501375095653,104.05054364574367
324.3385112945398,161.50686055368888,42.280566662841,103.9280339212966
324.0010871802994,160.52355009677132,43.68044686325325,105.43701216068561
323.1157136155424,160.70125443173436,45.341401849660755,105.61199124996821
323.3817167090138,160.55223036766975,45.778577617578634,105.93962474889139
325.2309002239441,161.98171277234053,46.161592862345785,107.4225374000296
324.91399110525674,161.9203045105931,46.37576826386503,108.49188003369673
324.36477577101954,163.96644885999586,46.190224523236026,109.19426430089459
323.5005863001975,163.93319423839407,46.30739216498387,109.55903971650726
323.781654761008,163.62268947369267,46.361486446442115,106.75517064865053
323.44091295058234,167.34890233732392,44.801942950517805,106.43510728711068
323.9730399185708,168.30220667472332,45.42210161315084,106.04346092787127
323.54221757430025,169.59758243757145,46.198839053075716,104.4398007050467
330.4442710690196,170.26061412273936,44.316989487038,105.17838238666705
335.73560134608084,176.57056632913233,43.964046187554146,105.41048011774097
334.88179714947535,174.28641493483653,44.67003571861304,105.82241751174028
333.3173755136147,172.56538770650775,44.694942556542145,101.95517917512396
327.8990066029649,173.10142014090758,46.8328211630591,100.5817523282702
323.0102681885682,168.8478859071215,50.61428291998355,95.75244269830819
329.2531485493442,168.27123758165263,51.656543057196245,92.43793491733067
338.0793070308358,179.2013701087264,50.099358921971714,91.61654353566851
344.4978051462397,181.8248721615936,49.4165641987323,91.9511873028589
345.73802862130646,199.26657192272302,49.328197317187076,92.3579756162934
346.6117339855088,205.76687447117632,50.32602203189764,93.98947634671836
346.2751995157049,205.16525953754368,49.64419883683905,95.94591282466325
337.89471029908754,208.9531052527627,45.87907329668507,97.05644919268713
339.34428932590004,208.13142405348796,43.470612299115174,95.45913041981936
338.89806973724797,210.34322160114493,42.41933292382986,95.00500844805586
338.81430193239527,212.165125251937,42.326424250049854,95.38158259712478
339.1229173662862,213.46701858556605,41.42687118411554,92.84460477943978
339.0818377031944,215.28416749881052,41.54138920512062,92.18493969297164
339.8939989084726,215.0936138943742,41.22076259248449,91.59513575663402
340.0941067348569,216.09416670214435,40.22898448978374,91.63404512331721
339.9780059666418,215.21566414182482,39.320205186484735,92.03736510334652
342.02442654045655,213.61666123152244,37.47233054581318,89.8671801585704
342.7928121490311,215.26444972533773,36.72486573087051,88.52126716763632
341.2979112404934,213.69566244384853,36.708942164187306,87.89501321460824
342.9367294703289,212.911192512952,35.15558928052802,85.86639267067011
345.2664805679904,212.5633574856891,35.19725514550775,86.5348355711943
343.098578399209,210.2971023807789,36.47026169826532,85.51249424903227
345.96662631274796,209.99806601769384,37.41445275549515,84.30377769621833
346.4331291042158,212.04664343634997,39.5075215820443,81.1525979241374
346.1962513125368,211.25848584218005,41.213111100186275,79.6833816011705
346.254860912021,212.96195095540008,42.35519737836027,77.45176484747824
346.46077657794655,214.42779123390505,42.866689439377225,75.5900014924641
347.26672709965163,213.05269833311766,42.7690927954574,74.86908314898888
346.5438733259259,213.18332242774198,42.94557057320209,74.13410445522742
346.7670651658332,213.10967246565912,41.86769755689697,74.81884748079929
346.82178937856696,210.753250439926,39.88121971248404,77.49147389424972
346.2479918550916,210.20621506324773,38.64647885817442,79.22136110249366
345.1572543935495,207.8904038972966,37.41704055226985,81.87004895945088
345.88882906475374,208.51747741281764,37.58616285731473,82.34441445396726
344.8418787261774,207.5807583694323,36.71645860740443,84.15009330255448
343.7647844504518,211.15443721020586,36.52648588680663,84.14190579083765
342.6720345231324,210.81985654250667,36.51793614465893,84.15964629455574
342.78729635012337,211.70574849652297,37.679982390236084,82.64086598378262
341.9167261291996,210.25633470274465,37.57976607778066,83.58833191515032
341.7669889968736,210.61934479669185,37.888087906891535,84.67426503345408
341.923151655001,209.50435717809762,38.96575458930924,86.48313658454825
342.2324883017557,209.8572310357916,39.23268108780333,83.77607327544074
341.8860535534772,208.66369147086928,40.311885033413176,83.14719028141457
340.81975988552233,209.98145521153128,41.225388821730796,81.84713371493123
340.5911702242653,210.00906449671584,42.297215532703106,80.61847766840403
339.56421742377404,209.3079426800982,43.0180704058414,80.56616924723409
337.7515870872696,209.3810008924351,42.304053334556976,80.32315414014474
336.9255447106438,208.97949486710286,40.76030297428329,80.6337057313385
336.5327626842241,203.9162073670025,40.03099197276326,80.87129986606072
335.1381544376518,208.35203329168584,41.03827027067929,79.83731119036958
333.43438158569734,205.29707606960812,43.600572520608665,78.16782671637313
329.58003688028214,209.64687630170786,46.39870466138905,75.66961651859214
325.29813625466,214.80107038889764,48.04834613785309,75.05018269754508
324.47297261265624,210.7569103666398,50.201783055783196,73.69744553686058
330.00659108373657,213.4775045872677,48.57672293247013,75.35084919002617
332.7013722647072,213.31881032597863,46.269449074175824,76.68454864285636
334.6178099334982,209.13957488582847,45.2055115627503,76.7504970927368
336.5581724633328,207.9402346388849,44.46417983270145,75.76067975718667
337.7492789789476,211.2747605820709,42.800744934864305,72.62211373926864
335.17799853800483,207.59667360143663,41.54355415354179,72.03475857150886
332.63218966575,211.28660609951393,40.3212294656479,72.02890986029689
330.6133205948895,212.22597270837963,39.846327607979234,72.30953895869706
327.46642506759594,213.0531357859902,40.80943829223551,70.74221677213198
324.2543095254285,212.66285680355924,42.05860195179623,68.90557340871638
320.78679631039404,210.12617204029522,43.28679549612296,67.86739975668601
316.59431528193613,205.03036411397153,43.84924158853072,68.51254019887202
312.44438307997166,199.6814969201169,43.1341228152746,68.71953285684495
