262.5,94.5,16,26
261.3689612434174,91.85144356303874,15.955176058239687,27.41161744965187
260.9664586033476,91.3567363497177,15.900991589615277,27.957453692642986
260.34267424982596,90.04076022530931,15.790967713955819,28.73535578200542
259.2042575758948,88.55070196915415,15.65370113010125,28.741354538425853
258.03205461181784,88.2060872581929,15.618389946667687,28.454080111318824
256.517998152311,85.86461374455611,15.965328587422023,28.73679196250597
253.62981358051982,84.26829581445456,16.31912130354473,28.17296286451815
253.34383699433056,83.65872116858338,16.68434296278067,27.882856747019773
251.28997869951715,79.33337417229343,17.111984860635005,28.4547228816285
250.32718504786504,77.70807700455117,17.53229381501646,28.670909124614248
249.44276675289336,76.35465586061059,17.570613017569713,29.415872993572975
247.67104278565103,72.68635394068639,17.634591175900844,30.336646221238762
247.77771006071848,71.94735958325262,17.998137021178344,30.959552185785856
244.37020818898156,70.87269842317559,18.167145147739365,30.968758529606298
243.1105983855011,69.13578618578748,18.933448537849987,30.273793140796087
241.28241762278643,67.8674670993816,19.371321608460605,29.761299443338093
240.82560328695587,67.36539792275204,18.72479333870787,30.055021598820403
238.40718452586867,64.28184372930116,17.969072953777783,30.93410365286696
237.8869529377604,63.8420320216066,18.52767632679452,30.884318219970403
234.14172386645268,61.82713703729653,19.8197220510445,30.528360755881792
232.47105615473902,61.28436307228381,19.77741003260781,30.52934137748133
229.87861617620965,59.49084285002846,20.75135010548078,30.403407512070775
228.64501994600477,58.3765794616764,21.429083575793463,30.563303116594717
227.48169445808313,56.50204539714227,21.391119826523813,31.505482188503546
227.41518961998713,55.015506272933635,21.5265366621393,32.03064226026982
227.43531784522136,52.15569651928542,21.350814857943455,33.16809080427889
227.2941339880261,50.711982941488,21.78775446316502,33.07280211476569
225.46726735379144,47.52090117799907,21.70805114716167,33.9140921142167
225.5132404495119,48.08248919396223,21.830575014400303,33.419748362926214
223.06483187514766,44.4508136237979,22.142051663250854,34.58286833260058
222.19708952577184,42.739751732884116,22.887432938407066,35.10724125993597
220.063550336214,39.82865727134573,23.615334376604764,35.7612130008533
218.90398864330112,38.851074214595975,24.4324596955284,36.10748107072031
216.744628303487,36.852604195439426,24.982804263172383,36.57987424738485
215.0135629209312,33.907675678920455,25.925079290597793,37.51992602071821
213.53412293489876,31.915652094708108,26.66211149006444,38.113412085322096
211.9198614816599,29.674576588749176,26.758635142315455,38.589622659923066
210.32066069806675,27.81562197890863,27.146561360075516,38.80706863230496
207.7573995151909,25.290182231902484,26.86754230584429,39.50176841211437
206.15707182580482,24.29701243450951,27.001403050751094,39.44049820083953
204.01577780028643,22.439422268352367,27.437824252651506,39.31710293157606
204.07584665524837,21.629011448377643,27.703847184636277,39.61905545760339
202.72227896818822,21.381177264888112,28.18276161912037,39.58626683863198
202.40549862700578,19.526284410717807,28.637757663585845,40.52977737950738
201.8695212800543,17.982949001656834,29.312303186622774,40.78750422981011
201.77204319199987,16.657176994778766,29.571718619559498,41.32294244865963
202.38138923826358,15.85901644563031,29.86768617020526,41.46504861642218
204.11928396475253,15.861734722781307,29.946493618167302,42.14612280383085
204.41995063316736,16.197259656031054,30.492020046390472,42.268255489192164
206.77263740650864,15.583309496074637,30.51818813331387,43.34200401181038
206.1643308557111,15.291836312535509,30.90051698894101,43.39568288897851
207.1011377765135,15.98588880012996,31.43891834699752,44.264452475099425
207.8063373304888,15.595416908980607,31.33169242344176,45.12009504830599
211.31156031665768,15.900824978990055,29.804275339806384,47.77648438504796
210.79206635631948,12.894442242502322,29.188962451576234,48.41612287438085
212.36472811477984,11.26562451505237,31.37723850206886,45.96135026348485
214.08118291226157,11.00566301372941,31.35747349557587,45.03953454142221
214.61975275653063,10.057754625325671,31.43443887429083,43.98556441675569
216.89108250698675,10.069706076968963,31.345492790431837,43.334040041587244
218.70971424106486,11.771511164840547,32.061389226755566,43.24176185322506
220.52659262723802,13.341095257757033,33.01889670230355,42.57728625047619
222.9798834711492,20.279035189879483,33.75430138456784,42.84562387738119
230.75033832915636,42.37697473126732,32.18237055038949,44.90307121062115
234.17425911761768,51.15904078615678,30.875741055376018,45.854991346935975
245.3537283566647,68.40120485400428,30.384440211559294,45.41000799883865
264.7639367419871,69.76062965308941,30.72116989477193,45.321339713229406
274.16161106210006,56.214080593368244,30.912521312529357,47.111051144439315
279.6956652144905,47.20340860388465,31.651767934811602,46.663675640984636
297.50265999297517,8.871288522528435,31.781392574619492,47.376766816880654
310.19190514757804,-1.111799724401557,32.62673916421748,43.99339878559415
319.3934315072053,-2.9129329909129424,31.74804710170121,39.44741664613157
328.0414203081201,-2.7397477411284186,32.629784801385306,34.972442211320825
342.0675997530977,-2.8554589644282515,32.63694281816845,32.565740668815266
349.9518133897638,-2.0488474845048223,32.266188198034435,29.32412084026266
355.71596373047163,-0.2958289132009071,30.768976345659347,28.095793897010907
363.0327831426297,-1.0183503508546963,28.294338871746067,26.43371578156531
367.28663279673543,-0.6724488315681683,27.38832508752138,25.42224510564408
373.2664851488865,4.2687073990889814,27.981198355631328,25.131801998577828
373.6372048240514,10.40068133818945,28.505622304671306,24.665250780227964
376.2541693543159,20.32960449495603,28.745343699617294,22.799679704731915
377.73548276289074,50.978758069334,28.36723293089893,21.478331784491598
377.639260683593,63.26595212502242,26.26426168803559,22.11647190187451
380.41497863919835,72.62801528002473,24.77837562728879,21.113788768139457
382.8500564869459,73.73980916116022,23.470503924561058,20.945493373803643
385.89528428659105,70.35895158773732,22.85620456001199,21.414360410450456
390.57749120572646,66.69111205724369,22.80682177337693,21.36934889679172
396.1383345951487,59.43422948039543,23.40263377382923,21.16185207233883
397.54718843005605,56.24690343544885,23.76584360546417,21.100206745544977
400.41941008111206,52.6387541248481,24.325919002998127,20.90170996803433
402.24282428190673,50.758180542834964,24.684855085814313,20.33993680964239
406.000794797578,49.69506212023005,25.02270433767492,20.330491787252726
406.53476074594846,48.682983254635026,24.80441805555801,20.228806470347067
409.5870016014068,50.23205075104067,24.955859615820454,20.125476098278586
409.7014083977896,49.72554710955165,24.80495222930516,20.132322883591215
409.9836732192453,51.25455192139407,24.450010696840693,20.16493783075294
410.9719556272276,51.693249086408066,24.3898206834655,20.338270987335346
410.19595057549844,51.37959174276316,23.952124151448658,20.508857424836876
409.3968341219573,50.57550807424761,24.27478571224795,20.32188664121673
408.0631920543986,50.31574096883887,23.717845756789135,20.50871457943213
406.962146874897,49.75552707842313,23.9267511916668,20.4653572602804
407.059387048058,50.36534200990243,23.9359708513529,20.647838927625756
407.4338243260932,51.04705028421195,23.75012051813325,20.62395749615606
406.9847184260753,52.55200552951156,23.09968622575427,20.66484780588032
405.51678588075174,53.277033766376306,22.659440047404118,20.39706615057125
400.73262912032186,55.304977327076784,22.660687375636922,20.24337686699989
398.52032717031847,56.020801873814406,22.502015957497974,19.871219169474962
398.727664998677,56.81907787682847,22.08934648252944,19.900934477404036
399.25649726117575,57.857129689032945,21.89238721399413,20.148503624448942
398.87661364402095,59.59170205942142,21.76032877233937,20.14763419228101
400.7448205500708,61.93351205293848,21.343974259708574,20.303945216446834
401.37749269557213,62.91485857540276,21.028299091401845,20.18406625938602
401.711954490725,64.43901209505978,20.61406588000044,19.848285541483115
401.09063017723463,67.34771822857637,20.371406098244087,19.599656080846408
400.3843185494636,67.50983768585151,20.03978120200694,19.341250161174422
400.455674853426,68.8669909582843,19.29161194382499,19.25117686215846
400.2765665146029,69.86277511088397,18.66027856739786,19.024326493474916
399.0755904088058,70.20945745562176,18.380600405990954,18.722438733187104
397.8640175477019,70.77114302098487,18.067197227594523,18.490050528352775
396.0086708136942,71.6500858588676,17.988409055747873,18.12302672144566
394.9042177615374,71.96590595222992,17.619153920437483,17.87702167227901
392.3048645239342,72.6582915984711,17.31886842939627,17.79446202206198
390.89895613422726,73.05027528714082,17.147458432687095,17.553338224968492
389.68432705312694,74.54993658747065,16.848701410485337,17.534127223277334
389.1167821753849,74.87095063387738,16.726039343497757,17.350699770760805
388.97783371601986,75.20965768329938,16.62021365890681,17.24124694749434
388.89393375787915,76.17510703787241,16.287266311756603,17.3201958793395
388.7797992888592,76.56373401439411,16.332878142085764,17.31343102293763
388.3211165671902,77.25453990236178,16.118405025319397,17.2161002623984
387.53883905383736,77.94805860536363,16.110719222557286,17.089544094759905
386.1711280502381,79.38320376118928,15.900096069462162,17.038221125485308
384.64497550662196,79.9654091223151,15.807244534761463,16.693536512738362
383.7026527074783,80.88419185630578,15.576453340675137,16.447640365817186
382.15880006688917,81.16119397945138,15.515363255566225,16.45679469124609
381.45320733427064,82.04616822731145,15.322911383118623,16.45553773529037
379.44590533738295,82.53504798335744,15.067938350526806,16.461337950867147
378.72135584897524,83.17604140895943,15.05965548282163,16.318541654281987
378.19727334728276,84.31553879121324,14.815643166679939,16.29306594800194
376.8507621271459,84.30536532210414,15.076433703877484,16.366264198082597
376.42177817834073,85.20203052900291,14.904728263551426,16.256100407400584
375.4312297838928,85.4121804626302,14.883493318743739,16.274080258306626
374.227357701816,84.98849390205058,15.230803856722282,16.164622341467698
