1
170.7293,24.4828,28.4273,61.8015
171.6048,24.0654,29.3067,63.1347
171.4950,20.2059,30.5340,64.5911
174.2139,16.7593,31.3235,65.2535
171.7469,17.8449,31.2372,67.2718
170.2158,17.3389,31.2569,69.3447
166.4072,17.0802,31.3380,71.2797
162.4394,18.2813,31.5523,73.0191
159.5699,18.8261,31.4898,73.1409
158.0624,18.4305,31.5080,73.1518
155.8131,15.2157,31.6095,73.3919
152.3167,16.7999,31.8553,74.1688
151.9520,15.6579,32.3048,74.5509
149.9162,19.0981,32.2121,75.1686
151.5317,20.3581,32.3816,74.8655
152.8544,23.7301,33.1446,76.5386
153.6841,24.4399,34.5528,78.7327
151.4963,22.1999,37.6460,80.5094
150.7100,23.9373,40.1630,84.9909
147.9474,23.8270,43.4054,87.7822
147.2258,27.1089,45.9039,89.5261
143.7507,30.9850,46.9557,92.3155
140.9593,32.9881,47.6651,90.5712
136.8924,37.4834,49.1992,89.3850
124.8327,38.1741,56.0219,86.6624
117.7192,39.6780,62.4136,86.8366
116.3395,41.7451,66.3644,85.5763
119.5121,48.1810,65.3208,88.1094
121.7118,51.8515,63.7572,90.7960
129.9994,60.1916,60.7921,93.1267
136.2247,65.0114,57.9735,97.4346
141.1744,71.9290,55.7913,96.8325
143.4566,75.0322,54.5234,97.8372
142.1049,81.0190,54.0762,99.5940
140.0508,85.4957,55.3483,98.9433
138.6810,91.3583,56.9490,97.5900
138.4327,96.8927,56.7903,95.7868
136.9819,105.6009,57.3593,93.6585
136.8601,108.5210,57.3036,91.4864
136.8714,112.4822,56.9736,89.5919
133.8803,118.9124,57.9137,86.9440
130.3538,123.0408,58.9743,83.4641
127.1946,124.3456,60.8159,79.6463
131.4133,125.8365,59.6128,79.0717
135.1913,126.2331,58.2380,78.8308
136.9174,127.8606,58.2253,78.1841
138.2349,127.2585,58.3281,75.9527
138.1203,128.0048,58.8949,73.1108
130.8668,124.9260,60.3474,71.5669
139.7285,123.9421,62.2382,70.9871
132.8252,119.5283,63.0299,70.7369
134.3060,110.8316,63.2747,70.8364
144.6621,106.5579,62.3300,73.8605
144.3091,101.8999,63.4244,75.6282
144.7932,96.5790,65.5901,75.5995
145.1705,94.1909,67.3979,76.7752
142.3875,86.4929,71.4943,76.9493
138.9024,86.3477,73.0447,78.5420
146.4403,77.2844,73.0147,78.5240
146.5564,71.5949,73.0149,78.5238
145.2548,66.3321,73.0149,78.5237
146.0994,62.6282,73.0149,78.5237
145.4586,58.0671,73.0142,78.5234
148.2587,54.5477,73.0137,78.5226
149.0753,49.0968,73.0128,78.5216
150.1453,43.8158,73.0150,78.5162
149.1409,38.2044,73.0182,78.5095
146.8832,33.2308,73.0190,78.5058
144.3606,29.4523,73.0209,78.5009
138.0430,30.1817,73.0785,78.4107
128.7826,33.8533,73.0797,78.4015
128.4669,40.5337,73.0794,78.3978
130.2045,48.5959,73.0795,78.3952
142.7534,57.6503,70.7436,78.1020
142.0755,60.0573,69.4799,78.7481
147.0241,64.4835,68.4812,78.7071
143.1565,64.2226,65.9589,78.6244
141.0443,63.4300,64.0647,79.5765
140.6335,63.8337,61.7947,83.6857
142.5739,60.7053,61.1060,88.9457
145.8522,58.4506,58.5569,91.9558
146.8864,56.8265,57.4064,94.0866
148.3471,60.8788,59.2871,91.9222
152.2482,63.2112,58.7800,91.1042
150.8406,62.2684,57.7657,89.6572
152.4453,64.5657,56.7072,88.7593
152.1370,66.8522,56.5226,87.3463
150.0533,66.3208,56.9785,85.4790
149.2564,68.0726,57.3503,84.3558
148.5441,67.4049,57.4152,82.4387
149.5678,68.5445,57.1162,81.6909
148.6623,64.8639,56.7807,81.8971
149.9740,67.2468,56.3944,82.7664
150.2554,68.6061,56.6444,82.3874
151.3652,68.4774,56.5864,82.8698
149.9645,69.6191,57.3309,81.0833
151.5149,69.8994,56.7355,81.8272
150.5813,67.7219,56.9396,82.8242
151.4972,68.8027,57.3047,82.9359
150.6809,69.3073,57.1390,82.2151
149.7494,69.3521,57.0700,81.1673
150.8351,67.7342,56.2163,82.0045
149.6259,68.8530,56.3414,80.7948
149.2722,70.0142,55.7660,79.4176
149.5404,70.6660,55.3933,78.6970
150.2184,70.3910,54.7297,78.3880
150.7633,70.4114,54.0079,79.6968
150.7121,70.1005,53.8082,80.6940
150.2676,71.5694,53.5103,80.0969
151.5073,69.3376,53.1443,81.8779
151.1457,69.9160,53.0310,81.0758
151.2626,68.9199,53.1821,81.9395
151.4350,71.0878,53.8021,81.4411
151.0919,67.8025,53.9856,83.2938
150.6833,69.3790,54.7137,82.6026
150.2582,69.7300,55.2308,82.1713
150.2356,68.5807,55.7589,83.3327
150.5303,68.2270,55.7636,83.9753
150.6987,67.8447,56.2545,85.3549
149.3322,67.6682,56.9491,84.7456
150.3227,68.4236,56.1955,85.9450
149.0080,68.8213,57.3203,86.1125
147.7413,68.1649,58.1690,85.7292
146.7385,69.1049,59.0611,83.4325
147.5772,70.3467,59.0419,81.9028
148.7579,68.4600,58.3587,81.2837
149.2829,67.8634,56.5849,79.2744
150.8783,68.7685,54.4666,78.3384
151.8755,70.6597,56.0744,76.4894
144.8840,70.7801,56.5183,76.9126
144.6321,66.6400,54.3932,79.4247
148.1674,63.6460,51.7015,82.7362
148.1499,63.1385,50.1694,85.9299
149.4592,64.4614,50.7744,87.7267
145.7265,62.5968,54.2026,89.2535
147.3385,64.2610,55.1870,90.3294
148.7082,66.9766,56.8460,88.8808
147.1412,69.1563,56.5008,89.3709
146.7736,68.1622,55.9977,90.5081
145.8763,68.7285,56.2661,90.5300
144.7846,69.8833,56.7229,90.4655
144.1525,69.6782,57.1501,91.6213
143.7815,71.2432,57.1957,91.6721
145.5754,69.9075,56.6019,92.8441
144.1434,69.9380,57.0010,93.0097
142.8115,70.7480,58.0170,92.8814
144.3400,71.7222,57.8782,93.0082
142.5615,73.3389,57.8498,92.6768
142.4542,72.8939,57.3634,93.8107
142.0501,72.6405,56.8767,93.9319
139.4163,74.9680,57.4019,93.3697
136.2706,78.0409,56.9608,95.9885
132.8490,81.0271,57.5120,94.4689
131.7639,78.1043,57.3845,95.9302
134.5577,77.5471,57.2958,96.5130
131.9039,79.4207,57.7784,94.9433
131.7124,80.5350,57.8788,94.8721
131.9458,81.1413,58.0582,94.7349
134.4708,80.3761,57.9483,95.2048
135.3747,79.5109,57.5128,95.3443
133.1314,80.0744,57.8748,94.3317
132.5559,79.4872,58.2351,94.4978
135.4353,78.5931,58.6313,94.7644
133.1830,76.3498,59.3125,95.0392
134.7201,74.4013,59.7445,95.1624
131.5485,72.9399,60.5848,93.3634
134.0625,69.8281,59.2296,91.6121
134.2504,69.9074,59.3077,89.2332
135.0186,69.2365,58.8699,87.2669
134.6182,69.6670,58.6714,85.5241
134.8062,69.1033,58.1715,84.3672
134.6419,68.3734,57.6544,83.2548
135.8541,67.9042,56.6033,83.1783
135.1925,67.6658,56.5930,82.3401
134.9390,66.7789,56.4583,81.1359
135.9598,65.8697,55.9672,81.4196
136.3716,63.2793,55.9539,79.9432
137.0937,60.7323,55.7937,79.2195
136.7427,55.8374,55.8148,78.9577
136.0236,53.6836,55.6412,78.3234
136.1162,50.6653,55.4620,78.5130
136.4398,51.6916,55.8468,79.4319
136.1146,55.1166,57.4674,79.7419
138.0116,57.2247,58.0840,79.6874
138.7443,59.1106,56.7779,79.5028
143.5432,53.1203,55.5814,79.1616
144.4804,55.1522,54.4631,77.7077
141.4837,51.2123,55.1148,75.3597
139.7881,52.3673,54.4261,74.8386
138.8729,56.0519,54.6807,74.1842
136.1303,56.3051,53.9344,74.5664
132.2103,58.3062,53.8480,75.4849
133.5423,56.8922,53.2701,76.9556
133.6433,54.8439,53.3645,78.8745
133.9519,53.5533,53.4442,80.6634
132.9734,55.1125,54.1343,81.9829
131.0639,56.4873,55.1370,81.5243
130.4099,54.8839,55.6483,81.8308
127.5617,56.0649,56.1369,81.0680
122.8847,59.0039,57.5483,80.0611
119.4596,65.0435,58.7837,78.3337
120.6001,65.2259,57.9833,80.4231
118.3284,65.3682,59.4474,80.3446
119.2455,65.2037,59.3952,81.9911
118.3228,66.1891,59.6823,80.6458
121.8120,63.0303,56.8588,82.5255
121.7665,63.2228,56.1852,81.0151
122.1061,62.3550,55.2054,80.2853
121.0065,61.8143,55.2670,79.0937
121.3210,60.8541,54.6492,78.6781
121.6275,59.9790,54.0261,78.7108
120.1740,57.1435,54.4564,78.9390
120.8216,57.1365,54.5424,78.8566
120.2194,56.6679,54.7107,78.5931
120.6049,58.1942,54.2980,79.4219
120.3121,57.4299,54.8952,78.9366
121.1428,57.0254,54.7779,79.5019
121.0861,55.8702,54.7667,79.4357
121.7885,55.5162,54.3475,79.1385
121.3210,55.7953,54.4588,78.4894
121.8058,53.6599,54.2115,78.7517
122.6693,52.3750,53.9653,79.0682
122.6763,52.2494,54.0011,79.6586
121.6590,51.8724,54.6285,79.8400
