1
172.4426,24.5565,26.6563,60.2383
172.9945,23.1983,27.1386,60.3278
173.9151,22.5465,27.7372,59.9373
176.7074,17.8418,28.1108,59.5021
174.0358,18.0194,28.3255,59.5605
172.1476,19.6538,28.6626,59.5829
168.2883,20.3568,28.7909,59.6199
164.4411,20.9474,28.8927,59.2897
162.7514,21.3338,28.7875,59.2732
159.6992,23.7008,28.9479,59.7752
157.5198,18.5605,28.9370,59.8036
154.8759,18.7355,28.9299,59.9069
153.4216,19.7447,29.1056,60.0488
153.3540,22.0047,29.7514,61.3190
153.3009,24.9148,30.3400,62.4535
154.6483,21.9408,30.7095,63.4079
155.4906,22.9262,31.5505,64.8603
153.4726,23.4591,32.8093,65.6803
162.8748,36.0507,33.5478,66.7492
160.6305,39.9041,34.3279,66.9428
159.3014,43.1530,35.1040,67.1503
155.9178,36.1499,36.1769,69.2486
140.2551,34.9427,37.1880,69.2849
135.3638,39.0817,38.1634,70.4711
129.1850,42.6317,39.9043,71.3532
129.3000,45.6014,42.0416,71.6979
130.9873,47.0092,44.3776,72.4057
133.6627,51.0480,45.9425,73.5319
130.4782,56.2029,47.6053,75.8427
134.5647,60.9061,48.3278,76.9508
142.0502,69.0750,48.7030,77.9807
146.9016,73.2111,48.8068,78.1455
147.2437,78.7759,48.9093,78.9240
145.4467,85.4809,49.2677,79.2115
144.3991,90.5972,49.8548,79.9993
144.7990,93.9312,50.3351,80.6030
143.5969,103.0493,50.6738,80.5894
142.3049,107.6317,50.8405,80.8308
145.2666,111.3565,50.9093,80.6627
144.2991,113.5261,50.7073,81.0348
146.7044,119.1469,51.0395,81.6816
142.9912,123.9885,51.1000,81.5983
137.8654,123.5869,52.0225,80.5533
146.4154,123.9781,52.8643,80.3564
146.3824,124.1230,53.3623,79.5788
146.5251,128.3740,54.4166,79.8356
146.4915,126.0834,55.8630,78.6747
146.3447,128.3148,57.3984,78.2253
143.0774,125.2858,58.1720,77.7085
142.0381,122.0361,59.5920,76.7804
138.8333,124.9096,60.7127,76.0513
143.4748,110.0911,61.4195,75.7957
148.1349,107.7716,61.4705,76.7196
146.5865,98.8065,61.5793,77.0838
152.4537,93.4946,62.2776,77.0378
152.6003,89.6454,62.5968,77.2156
142.4397,84.4740,63.9811,76.9281
145.4021,82.5237,65.2046,76.4957
148.3904,77.3435,65.7263,76.3449
146.6277,72.4731,65.7273,76.3445
148.7012,69.5625,65.7288,76.3435
149.2786,67.0124,65.7291,76.3433
153.2067,70.8065,65.7371,76.3204
150.4886,80.9980,65.5791,76.3101
154.0501,68.3652,65.4774,76.1893
145.8973,75.2196,64.9206,76.4270
145.8640,73.5100,64.6708,76.5354
145.6628,69.1567,64.6220,76.5694
144.6674,74.5949,64.4530,76.7023
148.8190,44.8819,64.8637,76.2359
143.4400,50.9493,64.2034,76.5989
147.3639,56.3077,63.4455,76.5649
145.1007,57.0821,62.4404,76.3512
143.1245,58.0981,62.3722,75.8394
148.6261,65.8031,61.1547,74.8432
144.5740,64.2773,61.4575,73.7570
140.7798,69.1294,62.4955,72.5529
140.0995,68.8920,62.4716,71.6347
140.2286,69.1160,61.9160,72.5265
144.1836,72.6696,61.4082,74.3033
145.4765,69.6474,59.5406,75.9867
145.1912,68.6974,58.9260,77.0524
152.3973,65.7747,59.3667,77.6132
151.5521,66.8384,59.6839,77.6081
153.3643,69.9292,59.0842,77.3647
148.6684,70.1816,58.7815,77.1296
152.2277,72.9386,58.1469,76.8638
148.8505,71.6782,57.5972,77.1075
150.9973,68.8003,57.8274,76.8400
145.3166,74.2710,57.4615,76.4090
145.9059,72.3093,57.5671,76.5361
148.8662,69.6622,57.2321,76.1495
152.0168,71.9441,57.0588,75.7332
147.0425,74.9996,56.7885,75.2496
155.2218,74.6810,57.0435,75.9206
155.0813,75.1827,57.4178,75.8244
155.2050,74.9461,57.4862,75.9689
154.4902,70.0075,57.5860,75.8924
152.9924,74.2264,57.1470,75.2930
153.7954,76.0648,57.2180,74.8690
151.1890,72.6153,56.6729,74.3559
154.0627,73.5869,56.3144,74.2949
153.3173,71.1711,56.4142,74.0928
152.8182,75.7635,56.3862,73.6978
153.8499,72.6377,55.7346,73.5062
153.9180,75.8939,55.4010,73.3462
154.0433,73.5107,54.8136,73.4536
154.3899,76.9025,54.2226,73.6388
153.8606,76.0801,53.7488,73.3328
154.4345,74.9055,53.3476,73.1775
154.6590,73.0043,52.8641,73.2639
151.4966,76.5365,52.5795,72.9490
153.9746,78.5092,52.7509,73.1688
151.7250,74.9437,52.6778,72.6930
154.7239,74.6153,52.5328,72.6878
149.5135,77.1120,52.6436,72.6340
152.1074,75.0704,52.6933,72.6689
155.1143,76.3182,52.7514,72.9513
154.8531,70.0953,52.8569,72.7313
152.1469,72.7294,52.7031,72.6294
151.4932,77.4494,52.5841,72.7813
152.0275,76.5679,52.4105,72.6433
153.9684,73.4904,52.5650,72.2272
148.8662,76.2490,52.8130,72.7785
149.2910,75.1169,52.9202,73.0181
148.6621,73.8447,53.1007,73.0031
147.9794,71.8812,53.1870,72.9138
151.4983,73.9370,52.7589,72.6998
152.3412,74.6104,53.9667,71.8017
145.4874,71.9209,54.2022,71.8695
144.7331,74.9484,53.1564,73.5397
145.5122,73.6020,52.0550,75.1404
146.5699,70.0277,51.7295,76.1391
145.8232,69.1209,51.8983,77.1546
145.6582,69.4921,52.4313,78.0662
146.0594,69.1789,52.9244,78.4802
147.9306,74.3267,53.4387,78.9174
148.2667,72.9449,53.8471,79.5756
146.9047,71.5794,54.0002,79.9962
146.4148,74.4730,54.3845,80.4077
144.4805,73.1535,54.7860,81.0339
143.6696,73.4238,55.1093,81.7030
143.3344,74.9062,55.3395,82.0140
143.4695,73.8637,55.4429,82.5266
143.3909,73.1203,55.5494,82.7101
143.9779,74.6373,55.5363,82.7718
144.2182,75.5797,55.5346,82.9826
144.0466,77.4260,55.3582,83.3316
144.1892,77.2054,55.1139,83.6613
143.5940,77.3295,54.9664,83.1983
138.6789,80.8620,55.0193,83.2880
137.3725,84.6875,55.2277,83.3927
135.1091,85.0167,55.2180,83.4026
133.8552,83.2227,55.3994,83.8183
133.7330,82.7384,55.4398,83.9577
133.6951,84.5941,55.5867,84.1925
133.6952,84.1598,55.6192,84.3171
133.7884,86.1396,55.7467,84.6374
134.0880,85.4394,55.7264,84.2219
134.8115,85.1462,55.9106,83.9040
134.1758,84.9132,55.9500,84.1324
134.6308,85.4781,55.9502,84.4894
134.7589,84.0119,56.0866,83.9555
134.9267,82.8555,56.4104,83.7770
134.1276,79.3783,56.3505,83.8176
132.7829,77.3567,56.5282,83.3421
134.9614,73.4541,56.2278,83.1679
135.3517,73.8340,56.5040,82.8318
135.6530,72.4894,56.4274,82.0078
135.0032,71.5130,56.4827,81.5539
134.6231,70.4779,56.3419,81.2800
134.5773,68.9914,56.2843,80.7229
133.9990,71.9577,55.8602,80.1261
136.1108,68.5265,55.2695,79.7559
135.8066,69.3662,55.2157,79.2501
136.0489,68.2739,55.1099,78.6072
136.1604,63.2244,55.2300,78.1963
136.4779,62.6357,55.2953,77.5213
135.9822,58.1061,55.3258,76.9056
134.9547,54.9978,55.3120,76.2641
134.8640,54.1211,55.2713,75.5451
135.8305,54.9548,55.4757,75.2393
137.5068,56.3685,55.6736,75.2581
138.6010,61.8921,55.7202,75.1916
141.8042,59.6892,55.6707,75.4136
136.7411,63.7082,55.6671,75.3081
140.6035,59.9314,55.3965,74.9142
146.0759,63.3091,55.3333,75.0717
137.5213,59.5988,54.5351,73.9912
131.3477,64.6928,53.8322,73.5880
137.0236,61.6063,53.0723,72.8321
132.1909,61.6402,52.8911,72.9727
132.3430,60.8085,52.6714,73.2206
134.1517,58.2306,53.0915,73.5362
134.3344,58.6744,53.3776,73.6304
131.2225,62.4998,53.6107,73.4233
130.9243,62.6270,53.5749,73.7178
131.4696,59.3018,53.9458,73.3126
127.8454,61.5115,53.4232,73.2830
125.4971,65.8385,53.5336,73.1154
122.1575,69.1681,53.5279,72.8758
121.8814,69.9599,54.0289,73.1384
120.0762,70.2965,54.2432,73.5671
121.5428,67.8010,54.7314,73.9393
119.7229,71.6222,54.6822,73.9799
119.8780,70.5742,54.5127,73.8439
122.6125,66.4975,54.2430,74.3403
121.2700,65.3591,54.0265,74.5167
122.0083,63.8875,53.8182,74.3002
123.2139,63.4447,53.3814,73.7611
121.8311,64.6036,53.2548,73.2108
121.0762,62.8854,53.2819,73.0613
119.8957,61.8588,53.5320,72.9227
121.2639,60.2349,53.4201,73.0062
122.2465,60.2814,53.1664,72.9690
122.7233,59.7420,53.1045,73.2141
121.6162,61.5852,53.3080,73.1852
121.1845,60.9867,53.4785,73.1589
121.4640,60.7204,53.4768,73.3675
120.2524,59.2322,53.7294,73.5575
120.9684,58.3088,53.5726,73.6427
121.3089,57.4205,53.5313,73.7338
121.8999,56.2597,53.6090,73.8673
122.1303,56.2742,53.5918,74.1152
