1
287.3415,126.7265,103.3836,103.7660
272.8612,119.7179,97.9925,110.6236
285.1416,101.0024,94.4738,116.1342
294.6953,75.6265,89.5802,119.2953
301.7649,64.5865,83.6655,125.2186
297.0795,66.4814,77.4788,127.5648
296.6520,64.4917,71.4014,129.6042
306.9275,67.0427,66.9272,130.3287
315.5488,76.9071,64.3547,130.7793
324.2586,75.2675,63.8313,131.3065
322.9402,86.3091,63.9716,131.1248
312.9055,101.2965,64.3309,133.3066
299.3416,115.2301,66.6473,129.4641
297.2841,119.0609,68.2165,126.1602
297.2682,119.6617,69.1426,123.9821
294.7272,115.4283,69.3817,122.4870
283.2959,117.5522,69.9755,119.6801
274.0828,118.9348,71.0729,115.9958
263.3503,110.3527,71.5956,113.1366
252.7092,101.6174,72.5831,110.9241
243.9100,94.4024,74.2514,107.6869
237.3821,100.9185,76.7482,104.9174
226.4149,112.0729,78.5881,100.5541
213.9135,120.6458,81.1860,98.6728
211.7546,124.7075,82.5198,97.0549
211.9348,133.5618,84.7016,95.9269
210.5960,145.2098,86.1738,95.2015
210.7014,158.0846,86.9868,92.1531
202.9506,171.5103,87.1099,88.7384
197.1798,181.6319,86.7612,85.8428
205.7493,189.6655,85.8118,82.6864
211.0263,196.0158,85.2779,79.3949
206.4503,204.8809,83.3643,77.6235
206.3761,210.1365,81.6852,76.5877
213.2604,209.2663,81.5068,76.9099
217.9267,197.3384,80.1599,75.4908
215.7818,184.4331,77.2776,73.8669
221.5553,179.5801,76.4765,73.6714
225.3071,176.8745,75.5336,72.6020
226.5224,168.8950,74.2554,72.5872
229.4237,159.7714,72.7746,72.3836
238.4707,158.1407,71.9458,72.5939
245.3116,159.4253,69.6470,71.7167
245.4216,159.8886,66.4245,71.4378
252.1204,151.2226,64.3947,72.0307
260.2867,144.6227,60.9228,72.9046
260.8306,139.2572,58.1193,73.2919
250.6701,139.2214,56.4244,72.4203
251.3313,118.4177,54.3830,72.2646
244.5477,104.8658,53.9453,71.6788
236.7028,100.2503,53.2750,70.2864
234.7684,92.9993,52.8527,69.1741
241.6069,73.6937,51.3517,69.1080
249.3226,67.1565,50.6933,67.5854
243.5342,73.4461,50.3662,64.5533
238.3811,75.8383,49.8184,62.5140
245.8139,74.5909,49.6651,62.0470
248.3369,83.6273,49.8220,60.2685
244.3940,103.2293,49.4812,58.6586
241.7943,114.9385,49.4403,57.4635
238.4106,125.4374,49.1771,55.9467
237.1316,136.9853,48.9183,55.7048
235.3555,134.5699,49.7959,56.9078
218.3214,135.3597,50.0038,56.5415
207.0250,128.1627,51.1094,56.5718
199.7081,105.8209,52.5980,56.2668
188.8638,94.2459,55.8976,55.9536
175.7693,97.6722,56.9951,56.2242
161.5479,104.8741,59.6770,54.1209
144.7852,100.9762,61.6708,55.0760
140.8315,89.3952,63.9612,58.8235
144.2877,82.4783,64.4503,64.3807
142.5325,78.4722,66.2495,67.3680
142.6524,79.7238,68.1846,69.7174
141.9925,89.9308,69.8745,71.0919
143.9532,92.8361,70.2874,71.5909
152.1196,94.3897,71.1335,72.8467
156.9690,97.5099,70.2143,72.8454
157.5136,89.6195,68.5914,72.7950
154.4378,99.8973,68.0292,71.6051
151.1203,113.5008,67.2972,69.8724
146.1131,109.2215,64.3336,70.1361
147.5751,97.9808,64.2205,68.3857
151.5883,95.2402,64.1045,69.3787
154.3047,98.8986,64.4797,69.2546
156.4717,99.0805,64.4739,68.5746
159.5612,101.4462,65.6154,67.7298
165.4345,104.2742,67.3128,67.3294
171.6523,109.3491,68.7467,66.4471
175.3609,115.9799,70.2715,65.4404
181.7734,124.7619,71.0180,65.1678
187.1285,129.7916,71.6944,65.1429
195.4671,133.2814,73.0970,65.1821
202.7200,135.9170,73.8644,65.1766
197.9941,147.6832,74.3492,64.1917
193.3723,158.2334,75.2087,63.4584
197.0621,153.2179,74.7980,62.6431
198.8781,141.6452,75.2516,61.0342
191.0629,136.5065,74.8095,60.9350
182.1440,133.7584,75.2657,61.8051
180.3930,128.3087,75.8889,62.0325
181.4718,128.0243,75.9907,63.7127
179.8372,131.2025,76.0256,65.0906
177.8631,131.5094,75.5846,66.9214
174.4164,135.7469,76.3442,68.2778
170.1227,143.9445,76.8921,68.6506
170.8179,142.3970,77.3699,70.1948
178.3166,131.0393,78.3912,71.3906
192.6736,121.5450,79.7783,73.6547
186.2798,115.2078,79.3797,73.3762
173.9778,106.6723,80.1169,74.2934
170.7178,92.3031,80.4539,74.9456
165.9601,75.7620,81.4448,75.3147
146.6038,64.1521,82.0764,76.8666
125.7142,58.0895,83.7299,77.2673
120.8206,47.2947,84.7283,79.1368
128.4336,43.7193,87.8466,81.9372
131.0445,51.6541,90.1124,83.5448
114.5459,60.4835,92.8854,83.9471
99.4654,66.2383,95.2901,85.9326
102.0796,77.4897,98.3795,88.2561
113.3967,87.3468,100.9290,90.5349
118.7393,93.8840,103.3546,91.2224
119.2544,98.8680,104.9392,91.1489
117.2613,95.6449,106.0793,92.2500
118.8229,93.5360,107.7969,93.6618
130.0625,89.6008,110.0925,95.5763
137.9600,83.3214,111.9354,97.0019
138.2097,80.4982,112.9990,97.7955
134.9162,81.6638,115.0549,99.6065
134.2693,81.9370,116.2993,100.2916
135.8293,78.5525,116.7296,100.8810
136.0438,75.8762,117.4157,102.2523
130.1063,72.5049,118.7008,104.2108
126.7614,68.4067,119.8255,105.2245
128.2075,67.9869,121.2147,106.7897
130.3686,72.1387,123.2931,106.8224
128.8247,75.8340,125.0287,107.7102
129.3328,82.4439,126.4383,108.5802
134.0423,88.4268,128.7149,109.6693
137.5194,85.1308,130.1153,111.7713
136.6084,74.6242,130.8328,113.6268
139.7902,70.8446,131.8750,114.6395
155.0449,60.2237,135.5410,117.4589
157.3264,59.3576,136.6964,118.5892
144.5490,61.5421,139.0073,118.9295
135.8608,62.9499,139.9308,119.3066
143.9880,64.3647,141.0896,120.3188
150.9147,68.6629,142.4859,121.0158
150.2113,77.3374,143.2314,122.1456
143.6889,85.9963,145.2929,123.3532
141.4630,90.3850,145.4921,124.2940
146.0361,95.2322,146.0269,125.5127
155.0558,101.7331,147.9670,126.7842
162.4143,104.5170,149.6837,128.0030
153.8168,103.1060,151.1352,129.2531
137.9219,111.5622,153.6919,130.5428
143.7823,115.1802,154.1097,131.4353
159.1640,104.6747,156.0658,134.6302
164.7132,93.6147,156.3844,135.6033
155.4232,84.5544,156.1934,134.9922
139.8392,86.6602,158.5795,135.1850
142.5818,92.7385,159.4537,135.3988
154.5844,92.9003,159.0744,136.2386
162.7061,88.9880,157.8726,137.4726
163.5636,86.9384,159.4439,138.3881
162.5051,87.1276,160.4641,138.2048
158.8650,90.2537,162.0556,137.9985
151.2045,91.2616,162.8874,138.2543
142.9914,97.9832,164.0453,138.1507
139.9414,99.6476,165.0810,138.9241
133.0782,99.5681,166.5130,139.8832
132.0568,103.7687,166.6262,141.4171
133.2559,108.7463,165.7209,142.6123
133.9775,107.6608,165.5230,143.3088
129.2336,104.9714,166.9152,143.5520
126.5120,104.1802,167.6837,143.8635
132.1736,102.2299,166.6485,145.8340
139.4468,98.3631,167.0451,146.7632
141.4686,98.8120,167.6860,146.0149
140.3075,99.5881,168.5948,145.3654
140.8953,97.0446,167.5363,145.3390
141.6934,95.4075,167.4570,145.0758
140.4942,95.5138,167.5851,145.2582
134.6368,95.1841,168.3777,144.2341
134.8993,93.1170,168.1503,145.4963
135.9138,91.8790,167.8849,145.8066
135.6248,92.8871,167.6916,145.4690
134.5283,95.5122,168.1878,145.6055
132.8634,100.2488,168.5258,145.3173
130.8276,105.9518,169.1923,145.1702
131.8349,105.7029,169.3331,146.4412
133.1010,106.6386,169.2646,146.5057
133.8289,107.5802,168.8033,146.4535
134.5799,106.9526,168.6914,147.1383
