1
165.0770,57.9255,89.9517,65.1182
129.5749,89.0849,91.2177,65.8482
104.3524,103.5899,92.1741,67.5216
85.8774,112.0827,91.6979,69.2127
65.8601,112.7746,90.9966,71.1909
68.7953,129.3671,89.9836,73.1269
68.7369,136.5343,89.1366,74.8991
69.2384,147.3059,89.9551,75.1984
105.4864,146.1925,90.9011,73.8802
140.1927,147.8613,90.9824,73.1657
163.7063,129.5870,90.8568,74.1891
202.4551,130.3750,89.6833,74.9572
227.6882,138.3873,88.5898,75.0706
259.4579,137.4835,89.1609,76.4810
287.5169,137.0249,89.8779,76.1744
304.5533,132.1011,91.4406,77.3795
309.3497,140.8813,92.5837,78.2117
306.9489,146.8481,90.7256,79.7149
322.2266,149.1444,90.1876,80.7515
348.1233,155.6648,90.3529,80.4059
368.4724,156.2675,90.5194,80.2692
370.9832,169.0552,90.4996,79.6509
373.8903,172.1493,88.5644,77.9482
371.2514,165.4246,88.4403,77.2324
378.6608,162.7538,88.0956,77.6050
337.3891,139.0981,87.2427,78.0767
325.3514,126.1457,85.7900,79.0606
290.7699,122.0209,85.3833,79.5511
273.4340,132.9596,84.9777,78.9102
264.6843,132.0403,83.5765,77.5773
262.6260,132.0853,83.5007,76.7500
244.5050,150.9844,84.0672,75.9017
228.4523,150.0272,83.4307,75.7313
218.3235,147.4318,84.1162,74.8951
201.6151,138.8876,84.6169,74.6727
188.3660,139.0056,83.5591,74.4643
168.9412,132.6986,82.6844,73.8577
170.1192,133.1141,81.2045,72.5125
175.9151,128.0673,80.7200,72.6110
184.3791,123.1523,81.1155,72.1739
181.6438,123.9103,80.2033,70.9729
175.6233,133.1971,79.0546,71.4627
181.7103,135.3083,80.1052,71.2048
211.7571,134.6459,78.2123,70.3647
230.0178,137.3939,75.3635,69.9190
253.1461,135.2616,73.9492,69.1941
267.9568,140.1954,71.3250,68.1730
287.3783,140.8903,69.7029,66.3439
299.0210,145.8531,67.9807,64.7250
304.0948,144.4532,66.4991,63.2919
305.7363,141.5965,65.8657,62.2241
312.9971,135.2447,66.0402,61.5689
327.2353,144.3652,65.4365,61.3281
332.0371,166.6080,64.0555,62.1628
327.6806,165.3166,62.9105,62.1163
341.5023,170.5281,61.3376,62.9566
337.9395,163.3171,60.3081,62.7679
338.0771,161.8378,59.6670,62.9360
331.6642,158.2218,59.3792,62.3860
326.4191,147.5011,58.4780,61.1366
334.9083,155.0545,58.3933,61.0958
327.9658,153.9199,57.5251,60.8738
323.6343,160.4882,57.3818,60.9900
309.6267,152.2782,57.9768,60.3746
307.9966,155.8676,58.3933,59.4553
307.1173,158.8560,58.6089,58.2806
306.5101,159.8784,58.3031,57.8941
314.0493,167.3166,58.2284,57.8765
306.2614,169.0748,57.8250,57.5118
309.0501,175.8688,57.2772,57.6633
311.6621,169.7181,56.9183,57.7469
308.7444,163.7654,56.6219,57.4978
306.3834,157.2914,57.2962,57.4071
304.3876,160.4268,58.1707,56.9934
307.8891,160.2610,57.6015,56.9746
308.4902,171.0870,57.2057,56.9114
312.9242,169.9225,56.4387,57.2362
313.2884,173.1428,56.0942,57.2020
308.0414,175.4141,54.5532,57.1995
296.7416,169.9625,54.1368,57.1465
275.8038,174.1151,54.6368,57.0509
242.3140,173.1554,54.0211,56.3897
231.8500,169.6352,53.7644,56.0453
225.3910,166.2113,53.7051,55.8455
232.9437,165.1343,53.3303,55.8230
245.3905,161.7904,53.1948,55.8384
253.9425,156.3163,53.3810,55.6777
272.8636,158.0907,54.6197,54.7815
291.8195,163.8636,54.7771,55.0656
308.0095,167.9339,55.0254,55.3320
315.4434,166.2202,55.4520,55.1656
329.9451,161.0747,55.1533,54.9097
333.1120,158.5874,56.2932,53.5793
339.5919,150.3288,56.1050,53.3887
348.1113,158.9247,56.3584,53.9058
361.9493,167.4948,55.5002,53.6937
384.4180,175.5563,54.3739,54.2735
379.1780,177.6236,54.4818,54.3166
388.2682,186.6521,54.4776,54.6750
382.2329,184.9732,54.5654,54.6867
370.8730,182.2601,54.7447,55.6469
365.3060,185.2853,55.2975,55.8672
349.5815,187.9384,55.4635,56.2286
278.5572,186.9288,54.7920,56.1504
266.3107,183.8170,55.0799,55.4671
234.2120,188.2581,54.3330,55.1357
210.1051,183.1322,53.3029,54.6876
188.8012,191.0394,53.9206,54.4779
164.9939,191.8626,54.5583,55.4809
159.1092,198.6413,55.0782,56.3054
162.8203,211.6877,54.6083,56.8285
170.9066,215.4161,54.8178,57.1791
192.5629,219.0513,56.0206,58.6336
214.0732,213.1404,56.5833,58.6988
233.0343,235.1128,56.1416,58.7188
261.5879,219.5011,56.3757,60.5635
301.2970,224.1043,57.2663,61.4390
322.0729,214.5035,58.5887,61.9843
319.1819,214.2861,60.3899,62.7421
304.0556,215.8536,61.6453,63.6415
295.2411,216.7835,61.7628,63.7079
314.2220,219.5917,61.7130,64.0923
322.0351,209.5893,61.8118,65.4308
348.4340,192.1744,61.6903,65.4377
374.7291,211.1297,61.5126,65.3159
342.7019,174.2789,61.5763,65.2502
359.7344,152.2161,61.3800,64.9283
359.4986,155.1347,61.3055,64.8397
359.1653,158.3501,60.5785,64.6459
361.2490,161.7142,60.2241,64.6801
2
0
0
0
0
1
301.5776,184.6639,71.9070,84.0614
298.5130,182.8285,72.2338,83.2512
294.1419,181.2529,72.3768,83.0469
291.5753,176.9334,71.9436,82.7286
280.1667,167.6508,71.3008,82.1767
274.1682,163.5211,71.0910,82.3208
269.2914,158.4919,69.6285,80.9442
265.1944,152.0184,68.0598,79.0803
267.2590,146.0968,67.6659,79.0105
2
0
0
0
0
1
269.7126,166.4948,40.8961,46.6580
271.0251,161.4860,40.8725,46.6901
283.2997,157.1442,39.9583,46.7887
282.1894,154.9833,39.1848,45.8565
330.8415,141.4600,39.9935,44.9860
351.3604,139.3493,40.1005,44.5985
371.2983,159.8792,40.2072,44.8479
391.4672,144.3592,41.0474,44.6883
403.0076,150.5933,40.9080,44.8668
402.0501,156.3552,40.7906,45.0690
404.0746,169.9216,40.9627,45.0483
398.8361,187.4085,41.1757,45.1479
366.4696,182.0780,41.2523,45.2978
390.5699,183.5050,41.4279,45.3015
387.5117,181.6973,41.7139,45.7280
380.4827,181.6767,42.4128,46.2583
382.9023,184.7420,42.9946,46.3279
389.7668,186.5943,43.7540,46.5327
390.8282,189.3816,44.3323,46.1868
354.2439,157.5547,44.9714,46.6042
363.4465,179.7604,45.6029,46.0956
406.4514,161.7951,46.4214,45.9922
385.1792,188.7094,45.8560,46.0443
