1
278.4906,127.0298,105.6089,101.4831
272.1325,120.7137,103.1587,105.4244
284.3825,104.2071,99.7172,110.3276
288.7408,80.1576,96.5355,114.6609
292.8246,69.7081,92.1877,119.5388
294.4193,68.6395,87.1009,122.6721
294.3384,68.7325,82.2563,125.4011
302.6050,69.0811,78.3596,126.5826
311.0970,75.2741,76.2764,125.6061
318.9312,76.3885,74.1657,126.8667
319.7052,88.0974,72.1472,128.4686
313.0063,100.6838,71.6758,129.0439
300.3504,116.3543,71.2123,128.4443
299.1123,119.0636,70.5500,127.3324
298.9426,118.3371,70.0223,126.8744
296.7835,112.9116,69.6784,125.5619
283.3297,114.8474,69.9590,123.8736
276.3978,116.8639,70.9789,120.6911
265.8920,107.3621,71.7286,117.7376
254.5796,98.8946,72.6213,115.4010
245.7210,92.8641,73.8770,112.5801
239.3176,97.4967,75.3358,110.3676
228.3888,108.1417,76.0516,107.6203
217.6619,118.6937,78.8569,103.7993
212.5727,124.1440,81.2705,101.2909
213.0669,134.0465,83.1996,98.5060
210.9764,145.7326,84.3208,96.4946
211.1855,158.3520,84.6854,93.6098
205.4977,171.5022,84.9546,91.3710
200.6832,182.0169,85.2709,89.7417
207.5442,189.8325,84.2152,87.0578
212.0777,195.0006,84.4437,84.0061
206.2059,203.4890,83.8400,81.8787
206.1458,210.0378,82.9991,80.5060
213.2348,208.8905,83.5618,79.2724
217.2941,196.6648,82.3647,77.9367
213.5776,184.4628,81.3370,76.8209
218.6565,179.1959,79.8795,75.9797
223.3942,176.8369,79.2506,74.8046
224.8917,170.1251,78.7145,74.4040
227.9318,160.0741,77.6488,73.9286
234.8202,157.6763,76.9506,73.0898
241.0048,159.3657,74.9252,72.0692
243.2079,161.2694,72.4182,71.8690
248.5657,152.5566,69.9608,72.2035
254.7624,145.9247,67.4657,72.9625
258.4767,141.3833,64.5015,73.3808
247.2197,139.2989,63.0521,72.7444
249.5715,118.9401,61.4929,72.9406
240.5300,102.1587,60.4961,72.8111
233.1875,99.3907,59.2624,72.0838
231.7063,91.8328,58.7764,71.3036
239.0669,73.9929,57.2035,70.3818
246.1178,65.6571,56.2386,69.0965
242.1924,72.1534,55.3895,66.9048
236.2486,74.5050,54.3639,65.0187
243.1556,74.7536,53.4403,63.8242
247.7840,81.7972,52.4408,62.6019
243.6777,102.2561,52.2508,61.1204
240.4943,115.6690,51.8066,60.7177
237.3237,124.1093,51.4990,59.3877
235.5452,136.1925,50.8704,59.0017
234.2751,134.4208,51.1193,58.7125
218.0092,135.2773,51.8175,57.8436
206.4839,127.6241,52.4356,57.5100
199.1175,106.0686,53.2249,57.5077
188.2396,91.4269,55.3326,57.8397
174.1332,98.7880,56.7059,58.8015
158.3589,106.5024,58.8575,59.2716
142.5401,99.7285,60.7523,60.8907
138.8347,88.9992,62.4229,62.1511
142.1303,83.6717,64.2226,63.9735
142.5516,80.3626,66.1233,66.0731
143.1711,81.5971,67.7368,68.2666
144.0863,89.7135,68.4298,69.3899
145.7585,93.1599,69.1275,70.0842
152.9456,96.5130,70.0848,70.7492
157.6480,99.0045,69.6597,71.3480
158.2971,92.0341,68.8380,71.2512
155.0929,100.8860,68.4648,71.0333
150.8062,113.1027,68.3268,69.9711
145.7571,109.4027,67.8589,69.7634
146.7891,97.3570,67.3618,69.2492
150.1718,96.8474,66.9207,69.4769
152.9468,99.0592,66.7981,69.4019
155.9960,99.3783,66.4077,69.3218
159.4943,101.9889,66.2633,69.3385
163.9783,104.6074,66.6491,68.9685
172.3131,108.1978,67.6112,68.1948
176.3994,115.6033,69.1872,67.0949
183.7867,123.6207,70.2360,66.4464
187.4377,129.4724,70.9627,66.1131
196.9835,132.3802,71.3591,65.7149
203.4102,135.5737,72.5434,65.3829
199.1115,147.8001,73.0368,65.1702
195.1105,158.3119,73.3937,64.9019
197.9622,152.8498,73.5586,64.8298
200.1456,140.8056,74.4367,63.7472
193.8615,135.2316,74.9404,64.2097
182.3840,132.3900,75.8959,63.9199
181.6667,128.2542,76.6525,64.3506
181.1898,127.9461,76.7229,64.6740
178.7598,129.9002,76.7640,64.6485
177.0378,132.6987,76.2536,64.7732
175.4318,136.0713,76.1620,65.7066
172.1651,142.5399,75.8042,65.7907
170.6154,143.4265,76.4317,66.8471
179.1842,136.4043,76.9712,67.7613
192.7435,130.7355,78.2784,68.7861
186.4612,117.6457,78.7076,70.2534
174.7200,107.8079,79.7384,71.7580
171.6482,93.3332,79.6959,73.5424
165.6268,75.5132,80.7618,75.4380
149.0990,62.2827,81.2679,76.0339
130.7408,57.4775,81.8295,76.5085
123.1770,48.6401,83.2375,77.9496
129.3621,45.3484,85.3816,79.8578
131.5248,50.7877,86.3233,80.7882
122.9550,59.6813,88.0749,81.3465
105.8971,66.5172,90.5203,83.1203
107.3579,79.8858,93.2161,85.6224
117.2021,89.6248,96.3525,88.2062
121.1251,95.3467,98.6847,89.6711
121.9064,98.5390,100.9411,90.9154
119.1824,95.6174,103.7349,91.6941
120.5178,92.9067,105.5865,93.0097
133.1718,91.1758,107.6089,94.4404
139.8284,83.9873,110.3199,95.4168
138.7226,80.8616,112.6232,96.8816
134.9676,81.4869,114.9147,98.4844
134.5491,82.1328,116.2926,99.4417
136.2774,78.9040,116.5851,100.4417
136.1180,76.1008,118.5404,101.7938
129.8089,73.1515,120.1990,103.2116
125.8876,68.6351,121.6585,104.1357
129.2623,68.7323,122.3059,105.7720
131.6048,72.4442,123.5573,106.5466
129.8053,75.5973,125.5880,107.1865
129.6535,82.6477,127.4007,108.7884
135.2357,87.5808,128.7334,109.9140
139.3465,85.1638,130.0451,111.4398
136.9566,75.3812,131.8403,112.0975
141.1780,71.1199,132.9296,113.3777
156.0917,61.3547,136.1418,115.0807
158.6263,60.2475,137.5153,116.4377
144.3987,61.6843,140.3511,117.9937
135.0654,63.3951,142.2962,118.6792
144.2288,64.5084,144.1632,120.0613
150.6032,69.2064,145.4164,120.8045
149.1577,78.1738,145.6590,122.0031
141.9867,86.5768,147.1205,123.4133
141.0618,90.9634,146.9935,124.4025
146.6217,95.8385,147.5314,125.3549
156.9411,102.2950,150.3351,126.9410
163.0365,105.1284,151.1277,127.0876
153.2574,104.0981,153.3663,128.3697
136.7022,112.5589,155.0385,129.7487
145.5956,116.4837,156.6653,130.5712
158.5659,105.8459,158.7883,132.1826
165.0411,95.7184,160.0292,132.3020
152.0779,85.5732,161.2192,131.9994
139.9353,87.7867,161.9214,132.9918
142.2431,93.3327,161.5297,133.6831
154.4057,93.8272,162.1293,134.6454
163.2036,89.4015,162.2706,135.0113
164.7644,88.8969,162.0336,135.2012
162.5040,88.4942,163.5136,135.2738
158.6871,90.6464,164.2354,135.5311
150.6697,92.2364,164.6763,135.7726
143.0933,98.1353,165.0796,136.2182
141.8643,100.1918,165.7252,137.0127
133.1025,99.6754,167.2591,137.7829
133.2493,104.8436,167.7082,139.1289
134.9507,109.6437,167.5189,141.0518
134.5231,109.3052,168.1663,141.2845
127.1704,105.8143,169.0991,141.5058
125.7873,105.7281,170.1187,142.0681
131.7037,104.0867,169.7409,143.7358
138.5845,99.9364,169.1404,144.5129
141.1145,99.8328,170.0697,144.0023
139.5660,100.9967,170.8041,143.5219
139.1758,98.3612,171.2984,143.6018
141.0762,96.3536,171.3260,143.6685
139.2769,96.2131,171.2082,143.5136
132.3361,96.3154,172.1574,143.0598
133.5477,94.0524,172.0389,144.2840
134.2782,93.3149,172.1740,144.7114
133.7365,93.9267,172.6254,144.5075
132.9117,96.6769,172.8672,144.5333
130.8057,101.1036,172.5068,144.5193
129.0517,105.2205,172.1692,144.7568
130.2566,107.0009,171.8913,144.7479
130.7665,107.6363,172.6618,144.8050
131.6259,108.9837,172.6913,145.0981
132.4782,108.4802,172.8657,145.3709
