1
269.8560,85.5661,29.7754,48.9302
267.9163,85.6569,28.7833,48.1056
268.4200,82.3231,27.3967,47.0911
271.3746,84.3116,27.0521,49.2223
268.6052,85.9140,27.3979,49.8648
267.1687,82.8248,27.9169,50.7525
266.8780,78.6062,28.4535,53.0469
263.5997,76.8368,29.6664,52.1451
265.0389,74.7478,29.7565,51.2540
260.8797,76.5700,29.9997,51.6779
259.3179,74.8312,30.9355,52.1947
256.7686,72.5741,32.3263,53.7935
255.0198,73.2659,33.7771,53.6178
254.4251,71.5492,32.8152,55.6831
253.1340,72.9225,30.4282,56.5421
249.5545,71.2626,30.6358,56.0808
245.7539,74.0413,31.5806,55.4316
241.8611,77.4857,32.1223,56.9919
239.4748,80.2152,32.6487,57.7820
237.3890,80.3560,32.6859,57.6819
234.5570,79.7437,32.8519,57.5917
237.2220,80.6287,31.7689,60.7096
239.1534,78.8683,31.0691,62.5131
238.3432,79.6652,31.2129,63.0335
235.1936,79.3034,32.4907,61.4334
234.2480,78.9554,34.9881,61.2106
237.2378,77.8772,36.0470,60.7595
240.7720,76.2671,34.3352,61.9345
242.3352,76.0989,33.5830,62.5128
244.3154,72.2431,31.9243,63.5227
244.6011,70.3513,30.2890,63.7637
242.9568,70.4876,30.2100,66.7252
237.8431,70.2469,29.9532,65.8323
231.7050,70.8961,31.2226,65.4600
226.1160,70.6961,31.8288,64.1424
225.2984,71.7173,31.2048,62.8485
225.4285,71.5798,29.2494,64.8232
222.0605,74.1823,30.0944,65.1139
219.8940,79.3184,32.8536,62.1246
220.7287,77.4317,35.0192,61.2963
224.4095,75.4213,35.2209,62.3611
226.1015,76.9531,33.6230,64.7390
225.4452,79.0705,33.3504,66.8258
228.5858,79.9799,33.0971,69.2155
227.6659,76.4335,33.4624,70.7517
227.1699,84.1178,32.6993,71.8253
231.7927,81.1664,32.2298,69.6985
231.1414,82.7972,32.0304,70.8632
232.1466,83.6033,31.8410,70.3431
237.1820,84.8908,30.7309,70.1841
237.1439,87.8681,30.9398,68.2414
236.0320,89.8641,31.9733,66.3019
232.2263,88.6692,34.4891,65.4019
229.6286,86.3365,35.2870,64.3571
225.4333,85.1905,35.3256,64.5722
220.4749,87.6696,34.9437,65.2352
219.0349,87.4650,33.4309,68.7496
217.0974,82.9426,32.5799,70.2434
212.5744,87.8024,31.9271,70.0936
212.5188,84.8680,32.5442,67.6506
217.9346,80.7904,31.9170,68.6161
216.5113,78.9026,33.0080,68.8951
219.7792,80.7717,31.5642,71.6282
220.4657,81.1590,31.0887,73.1835
221.5987,84.0980,32.4715,71.1516
221.0886,88.7572,37.5538,67.2068
225.4471,86.2795,38.5099,65.4237
224.9958,84.3587,37.4367,65.6537
226.1957,83.7702,36.3240,68.4369
224.2041,81.7803,34.6385,74.0124
224.5011,83.8695,34.3600,74.4883
228.4579,88.4643,34.8724,73.3885
230.8152,88.0884,36.2747,72.5274
230.7636,81.4740,34.8406,73.4500
235.4704,79.4532,34.4774,75.7109
234.6913,83.4782,34.3369,76.4937
238.7451,90.3545,34.4548,77.1023
241.0408,91.0360,36.4433,74.7866
241.0738,96.3751,40.3782,71.4056
243.6594,92.2333,41.3703,71.3680
245.7079,92.3287,40.4005,74.9222
247.6871,93.5369,39.5196,78.7357
248.6644,95.1243,38.7729,81.2149
249.2288,93.7106,38.6911,79.8710
248.4784,93.8488,39.9262,78.6900
246.7576,88.5496,41.0776,80.7047
247.8532,87.5926,42.1057,81.0072
246.8296,84.5501,42.9563,82.1566
245.8820,79.2187,44.1954,83.4098
240.0598,76.7010,46.5543,80.9362
234.0311,73.1559,48.0960,80.8242
230.1865,74.2594,51.3772,80.3319
232.0065,73.6303,53.5765,81.1394
235.5819,73.4921,53.2487,83.7999
238.7668,78.5254,51.8906,87.9132
243.1215,78.6340,52.3978,88.4493
244.8847,78.1013,53.0291,89.1535
247.7545,77.5057,53.6076,88.2789
247.9681,78.2894,54.8066,88.9035
252.2834,79.0661,53.2896,88.6905
258.6241,78.5445,50.7418,90.9766
258.1686,79.3169,51.0946,92.2434
257.7334,78.0533,50.5697,89.8855
255.3232,75.3980,53.3277,84.2943
249.4515,72.6003,53.8174,82.5327
242.2231,71.3184,51.9503,84.1535
229.3050,71.4478,51.6079,83.7294
218.1804,69.9034,51.2148,84.3838
215.6843,65.2334,50.1984,88.7298
213.5433,57.5492,49.9353,87.7589
210.6055,56.8398,50.9067,86.7272
208.1850,58.9859,53.1053,86.0231
210.2062,57.7329,51.6406,85.0977
215.3523,60.0489,46.5748,87.0637
216.9178,62.0651,45.3259,88.1090
223.0195,62.7202,44.8076,88.0361
229.1928,64.5511,44.7934,85.6315
229.8533,67.3780,44.3547,81.4882
233.8710,67.6966,45.2697,81.2743
241.0442,69.5795,43.9924,80.1181
248.7984,74.6772,43.4272,79.3264
255.9979,79.1110,42.7879,80.1874
258.9079,79.4408,42.1441,81.6455
261.6641,78.3966,41.9389,79.4800
265.8545,76.6197,43.7026,78.6080
271.6313,77.8687,44.0291,74.5960
278.6820,79.1188,41.4187,73.8764
285.0652,80.1525,40.7383,76.9660
290.1238,82.0875,41.5449,77.0268
294.6300,81.7497,40.0718,77.7163
297.3240,80.0116,39.2027,75.8043
300.6198,81.6767,39.9581,74.0945
306.7604,85.5681,39.4602,72.2662
309.9192,91.1204,39.9699,71.0513
310.5759,91.9967,39.1616,69.3226
309.2671,90.0021,38.7992,68.9438
308.9195,91.4067,36.3644,68.3748
306.8669,91.8929,34.4495,68.3607
304.1552,91.1662,33.9701,67.3048
299.9440,90.3532,34.9820,66.0516
293.2704,89.0758,34.8699,67.7797
289.8422,87.6279,33.9108,66.7409
286.9206,88.7226,32.4451,64.9644
283.1969,89.2806,34.0056,62.4842
279.3278,88.0229,36.1374,59.9999
276.5379,86.6440,37.7700,58.1726
275.9372,87.9306,36.6561,57.2165
275.8105,88.2223,34.8868,57.3337
274.9512,80.0389,32.9153,61.7112
271.1830,79.0789,32.5945,63.3433
272.6497,82.9972,32.4349,64.0389
273.6768,82.3656,33.5072,61.9053
276.2860,83.4071,33.6743,59.4518
280.0424,84.1811,31.8100,61.7203
285.4055,85.0056,30.1530,64.7633
291.6035,81.8066,28.7320,67.7563
292.1024,79.2999,30.2585,66.3522
288.2861,84.4309,34.0541,62.3739
291.7161,84.5403,36.5662,58.2021
294.8365,85.9615,35.1344,57.9180
296.5325,88.3576,32.7708,59.5234
298.0651,86.4676,30.1440,61.9138
297.0245,83.8152,29.4085,60.8154
295.1671,84.6548,31.2981,59.6707
295.9086,85.3436,32.7125,58.4482
296.9056,85.8347,32.0882,56.5123
296.2625,86.2629,32.3790,57.9993
294.4783,87.1492,33.4044,56.4453
293.9586,86.8457,34.2877,57.6834
291.1162,87.8059,37.6031,57.4673
292.1396,90.3485,38.8945,56.7399
296.6890,86.6676,39.9138,55.2076
297.5315,86.5265,39.8054,53.3586
301.3541,92.1863,40.2078,52.7468
302.1523,88.7000,36.9557,54.5845
300.3433,86.8362,36.1380,55.9674
302.9220,91.4634,35.7749,56.7498
307.8609,90.4174,37.7341,54.7515
308.8459,86.6619,36.8679,53.8617
316.4840,85.0815,34.2261,54.5388
324.1890,81.8948,33.9212,55.4393
326.5044,82.0227,33.5501,54.2020
330.1722,82.6521,31.6973,56.4859
331.4949,80.6673,31.8486,55.8425
333.7295,81.9647,33.3376,56.6480
333.4956,83.4731,35.1321,55.8208
333.8425,85.0123,35.7718,55.4222
335.2138,82.6600,34.3318,56.6764
335.3323,81.4185,32.3374,58.0269
328.4304,79.0409,30.9336,57.7377
333.1170,74.4688,30.2576,57.6011
338.5713,77.6219,28.9963,61.4233
337.1214,80.5697,29.1809,60.7018
337.2119,79.4146,29.0741,60.7392
340.9891,71.2662,28.8183,62.9647
340.1778,72.3078,28.9062,65.7695
341.3648,71.0996,30.6498,64.5842
341.7235,75.1742,32.5613,62.2046
342.1357,73.5853,34.6770,60.7645
343.9077,75.5667,36.0072,58.2938
345.0257,78.4939,36.5665,58.4689
345.1663,85.2224,36.5595,60.7989
342.1409,86.1824,37.6637,60.5269
342.1313,87.6212,37.4738,61.9040
343.1360,89.6787,35.5882,65.3506
343.0935,92.4428,36.1440,62.7466
340.3364,97.3798,34.2904,62.2221
325.2861,86.7852,34.6272,61.2335
324.3767,82.5636,33.4005,60.4934
332.1166,89.1759,31.5818,61.9368
332.5929,91.2686,30.2164,60.0930
327.4086,97.5568,31.0011,57.4353
329.2757,100.8207,32.7465,53.9715
331.2327,103.8403,31.7033,52.9537
331.6237,104.7726,28.9225,53.9098
332.5972,104.9951,26.9106,55.6485
334.2254,104.7211,26.4339,57.2977
338.4480,103.2043,26.9897,55.2194
339.3079,102.8836,27.5462,55.6826
341.7845,104.3017,27.5065,54.2907
342.7549,105.6086,27.5253,52.0060
342.1284,106.3917,27.5317,51.0981
344.8408,108.4390,25.9668,54.3983
350.0051,106.9294,24.4186,55.1471
351.3580,104.7417,25.4216,52.2926
351.3868,104.9416,28.3171,50.7948
351.8787,107.3142,29.9528,48.8998
352.2759,108.6689,28.9088,48.0693
353.5870,112.3767,27.2269,47.9852
351.0877,112.0497,25.3648,50.0040
352.0013,111.9213,25.2561,48.4750
350.0222,109.2462,25.7678,47.7601
348.1297,110.1776,28.2629,47.0918
347.0143,109.7281,28.5569,45.8305
344.5485,108.1764,28.8932,44.9849
347.7498,107.9201,27.1383,45.4123
351.3954,108.7365,25.1575,46.9597
357.3090,112.0510,24.0960,47.9403
358.0388,111.2513,25.2568,45.0634
359.1331,112.8864,27.5724,43.6105
361.1981,113.8858,28.6862,42.5358
363.6905,113.8135,27.0940,43.3584
364.4965,116.6011,25.3170,43.1602
367.0388,117.5204,23.3749,45.3756
369.9297,114.5188,23.3051,44.3098
371.3647,115.2158,26.2350,42.2239
371.5623,114.3068,28.0619,42.3062
370.2012,115.2749,28.3120,41.9837
369.0467,116.3948,27.0931,41.7146
365.2074,115.7356,26.1067,42.3680
367.0573,112.4473,23.7903,44.8945
369.5249,117.0461,23.4084,44.5206
367.9769,112.8941,25.4156,42.6660
366.4952,115.0723,27.5979,40.0362
368.1609,114.8625,27.7251,40.1435
366.8684,114.9142,27.0125,40.4064
362.3320,115.3435,26.6757,39.3534
361.3817,114.6441,25.3509,42.1429
361.0854,114.2104,24.3906,41.3973
360.7431,111.8927,25.3661,41.5417
357.7927,111.5998,26.8782,40.7792
355.4708,113.7527,27.7830,39.6977
352.8812,113.0081,26.8543,39.0477
349.1410,108.6032,24.9427,40.5311
348.3251,107.4653,22.7902,43.1685
347.6375,106.1008,22.4588,43.2942
348.6719,105.6586,22.2415,43.7572
347.4384,109.1215,23.7762,42.6138
348.0408,107.6572,26.2080,40.9449
347.2607,109.5681,27.0009,39.0086
350.2178,112.9607,25.3211,39.2093
350.3802,113.7038,23.1014,39.6370
353.1817,109.5560,21.6041,41.4775
354.9087,115.8191,20.6519,41.4782
355.9910,116.8488,21.3733,40.4041
356.9177,118.7472,23.7349,39.8460
358.9526,117.8626,24.5025,38.8184
360.0642,119.7937,24.7397,37.7887
362.0760,120.5573,23.7834,38.0966
363.5905,123.7717,21.7098,40.6021
363.5211,122.8697,21.2913,40.7926
365.0422,121.7817,21.5333,40.9953
364.6173,120.9196,23.1753,39.8227
365.2191,120.4796,24.1420,39.7591
367.2437,121.6341,23.8312,40.0686
368.7380,121.4013,23.8242,39.5049
369.8164,122.5306,24.0747,40.1707
372.5819,122.5411,23.1455,42.3241
379.5039,122.3158,22.1789,41.9193
381.1786,121.8324,23.0123,40.1099
388.5446,118.5872,24.8317,37.4532
395.6937,116.3381,25.5255,37.6508
