1
710.9354,235.1534,21.5311,22.8504
713.1712,233.7181,21.0669,21.7069
713.7153,235.3387,20.6307,20.6662
716.0624,234.5795,20.3178,19.6019
718.0488,235.4135,19.6607,18.9325
723.3668,226.7011,19.3471,18.4029
718.8646,235.4443,19.0897,17.5459
720.7020,236.5600,18.5539,16.7075
721.3137,235.6148,18.2687,15.9219
723.1512,235.3426,18.1820,15.1294
723.5683,236.6765,17.4952,14.4300
729.4483,229.6245,17.3132,14.1788
727.6460,228.9558,17.2530,14.0148
729.4453,230.4002,17.2286,13.5863
727.4072,229.9569,17.4113,13.1584
729.3237,228.8669,17.3082,13.0084
727.6500,230.0339,17.3087,12.7329
726.1331,229.2386,17.2284,12.6356
720.4812,236.3199,16.8792,12.1586
720.7750,236.2168,16.5890,11.6668
719.4707,236.3484,16.4104,11.1605
718.1293,236.4695,16.2057,10.6216
717.9977,237.7778,15.6559,10.2379
716.5333,237.5933,15.3472,10.0000
719.7582,232.0599,15.2014,10.0000
717.5129,233.1345,15.2753,10.0000
714.4045,232.5827,15.1043,10.0000
714.1359,233.5809,15.0668,10.0000
711.0180,233.0511,14.8672,10.0000
705.7243,237.3519,14.3670,10.0000
703.3295,238.3829,14.0038,10.0000
699.5849,237.8749,13.6555,10.0000
701.0217,233.0424,13.5265,10.0000
694.8058,234.2641,13.4915,10.0000
691.8331,233.9507,13.4257,10.0000
685.6767,237.8606,13.3571,10.0000
680.7891,237.5008,13.3170,10.0000
677.0870,237.1637,13.3059,10.0000
669.3790,234.2434,13.6341,10.0000
665.0331,237.0253,13.5147,10.0000
662.5993,234.7736,13.2320,10.0000
659.4738,224.1938,13.3457,10.0000
648.8584,236.8493,13.1440,10.0000
643.2303,231.7930,13.0397,10.0000
641.9432,224.0555,12.9546,10.0000
635.3691,232.6313,12.8701,10.0000
645.1812,233.0337,12.7412,10.0000
650.5616,235.6318,12.7715,10.0000
661.8630,232.8541,12.6313,10.0000
668.8433,230.8553,12.3921,10.0000
670.4244,236.2427,12.3703,10.0000
681.4159,234.8914,12.1358,10.0000
687.1172,235.0031,11.9246,10.0000
695.0167,234.8389,11.7543,10.0000
700.5737,236.0617,11.6550,10.0000
705.9727,235.5565,11.7067,10.0000
711.5981,236.4383,11.5617,10.0000
715.9409,237.4102,11.5417,10.0000
721.5166,238.2009,11.4433,10.0000
725.6235,239.0604,11.3547,10.0000
728.6780,238.3751,11.2825,10.0000
732.6514,240.3853,11.4416,10.0000
735.2067,240.9113,11.5481,10.0000
738.1177,240.1279,11.7229,10.0000
740.6937,240.6507,11.8430,10.0000
741.8970,241.0105,11.9559,10.0000
743.6060,240.1139,12.0075,10.0000
745.0644,240.4128,11.9953,10.0000
745.2214,240.9438,11.9036,10.0000
745.4316,241.5427,11.9549,10.0000
745.6224,240.6739,12.0213,10.0000
745.3350,241.4126,12.2893,10.0000
745.3769,240.6185,12.2995,10.0000
744.2676,239.6825,12.1821,10.0000
743.2590,240.3742,12.1295,10.0000
742.2630,239.3573,11.9800,10.0000
740.5803,239.6817,12.1434,10.0000
739.6483,238.4730,12.0897,10.0000
736.3366,240.2985,12.2736,10.0000
735.0878,238.9270,12.3182,10.0000
730.7645,239.3118,12.3577,10.0000
728.1168,239.5807,12.2561,10.0000
725.8995,238.4853,12.2586,10.0000
720.5002,240.3974,12.2744,10.0000
716.3921,240.9187,12.2642,10.0000
710.7909,240.0699,12.2728,10.0000
706.7246,240.7822,12.2888,10.0000
701.9401,241.7830,12.4638,10.0000
695.9596,241.2271,12.4899,10.0000
690.9373,242.1476,12.5528,10.0000
674.5128,255.7413,12.3703,10.0000
667.3765,256.2307,12.3783,10.0000
669.8703,243.0946,12.5296,10.0000
659.3339,246.6358,12.2783,10.0000
654.8676,242.5164,12.0261,10.0000
651.3605,244.0428,11.9306,10.0000
657.4276,245.6267,11.6112,10.0000
665.4869,243.0925,11.4052,10.0000
673.4480,246.7720,11.3602,10.0000
681.6130,242.6369,11.2949,10.0000
689.5116,244.2118,11.2570,10.0000
696.1860,243.9780,11.0740,10.0000
701.2755,245.0279,11.1785,10.0000
705.4482,248.5120,11.1244,10.0000
711.6549,245.6928,11.2751,10.0000
715.6365,249.1229,11.3605,10.0000
723.5060,245.8546,11.3541,10.0000
726.4125,245.4400,11.4576,10.0000
727.6204,251.4060,11.3821,10.0000
735.4328,246.5202,11.4040,10.0000
739.4680,245.6311,11.5757,10.0000
742.1838,246.0436,11.6423,10.0000
744.7948,246.2281,11.6184,10.0000
747.6135,246.5292,11.6836,10.0000
749.0762,246.7732,11.7068,10.0000
748.1838,252.8847,11.6883,10.0000
749.1575,253.5605,11.5735,10.0000
749.0681,251.8260,11.7190,10.0000
750.1166,252.9943,11.8691,10.0000
751.3612,253.7510,11.8187,10.0000
751.1548,253.3521,11.8542,10.0000
749.6678,253.0848,11.9206,10.0000
749.6292,252.8374,12.0815,10.0000
747.7522,253.8927,12.1546,10.0000
760.9432,268.8397,11.8911,10.0373
2
0
0
0
0
1
714.2220,243.8871,26.9057,31.3397
710.6357,241.4743,26.2819,30.1630
725.5363,262.4220,26.0811,29.1423
2
0
0
0
0
1
665.4188,231.0003,29.1439,28.6897
650.7520,240.2672,28.8638,27.4048
643.9444,239.5979,28.9032,26.0747
634.7073,237.5908,28.6892,24.9275
641.7123,240.1655,27.7998,23.8248
2
0
0
0
0
1
694.6633,245.4673,24.5027,24.9025
703.1289,247.1588,23.5055,23.9476
708.0459,248.3287,22.6805,23.0777
713.1603,249.6055,21.8121,22.0479
717.9839,248.2504,21.4754,20.9424
2
0
0
0
0
1
741.5700,248.4350,26.7446,29.0890
742.0612,248.6830,26.6243,28.3915
744.3995,248.7872,26.2248,27.9869
747.2850,248.8302,26.0747,27.4059
747.8583,248.6456,25.5856,26.9870
750.1627,248.7204,25.4838,26.4966
751.7605,252.6042,25.4092,26.1641
750.5594,252.9789,25.0431,25.9956
747.0820,250.5979,25.0022,25.1647
746.2130,251.4868,24.9353,24.2638
742.6465,250.6497,24.9489,23.3437
741.5941,251.3222,24.9277,22.5230
739.4484,251.9165,24.3079,21.9435
735.2780,251.4731,23.8198,21.3973
733.3623,252.6449,23.2747,20.8987
730.4666,253.6079,22.6540,20.4358
726.0150,251.2806,22.8310,20.0025
723.6458,250.7875,22.2906,19.2482
716.7066,252.4566,21.6954,18.7005
713.9004,251.6883,21.3864,17.9972
707.8690,251.3472,21.0234,17.6636
702.9104,251.0251,20.8763,17.3489
698.0869,250.8224,20.5145,17.0392
698.6625,245.2200,20.1113,16.5921
690.9332,244.9688,19.7929,16.3499
686.8699,237.5195,19.5603,16.2060
674.6168,245.2052,19.6576,16.0723
668.5334,249.7117,19.2332,15.7799
657.5222,247.6593,18.7024,15.6272
651.1082,247.7802,18.4793,15.3465
655.3762,246.6270,17.9313,14.9878
661.9402,247.0784,17.4919,14.6278
668.1341,247.6403,17.1268,14.0468
676.0317,247.7208,16.5019,13.5750
679.2248,249.1144,16.1905,13.3988
690.0706,245.5573,15.8666,13.0150
692.1920,249.3315,15.3602,12.7492
695.2968,250.4530,15.1920,12.5928
702.0214,252.3097,14.8323,12.2977
706.4803,252.1337,14.3235,11.7954
711.5757,248.9951,14.2164,11.5436
714.7044,250.5336,13.8974,11.4525
715.4872,253.4871,13.7740,11.0377
720.1393,250.2893,13.5624,10.8399
721.4377,251.6226,13.3549,10.5041
724.1796,252.7045,13.1700,10.1965
726.6685,252.4937,13.0351,10.0000
729.0365,251.9902,12.7833,10.0000
730.0469,253.0808,12.6675,10.0000
732.9547,252.3532,12.5385,10.0000
731.0821,251.9924,12.4768,10.0000
734.5615,250.9718,12.2595,10.0000
733.0012,250.2719,12.1313,10.0000
734.8591,248.9848,11.9889,10.0000
733.6411,250.9110,11.9135,10.0000
734.2553,250.6420,11.8858,10.0000
737.7714,252.8260,11.8699,10.0000
741.0805,255.3431,11.5862,10.0000
740.7814,254.3103,11.6228,10.0000
739.6221,240.6429,11.5244,10.0000
2
0
0
0
0
1
692.1112,239.6876,31.7822,32.8031
677.4400,259.1848,32.7266,31.7807
675.6945,258.0510,32.4988,31.1951
671.5432,262.0181,33.0078,30.1244
669.4501,259.9121,33.3111,29.4103
666.3973,261.3296,33.3764,28.5894
667.5251,260.9996,33.6261,27.6387
664.9305,258.1296,33.7820,27.0699
2
0
0
0
0
1
632.1913,237.7254,33.1344,30.5176
640.5222,239.1231,32.7695,29.4043
643.9738,237.8014,32.5658,28.6444
650.4456,232.4801,32.4435,27.9693
658.0388,222.6035,31.8669,27.9383
662.0994,216.7193,31.4002,27.8187
665.4280,213.9553,30.7524,27.6965
669.5701,207.4427,30.2781,27.6733
2
0
0
0
0
1
669.2272,236.9730,29.7815,29.6018
2
0
0
0
0
1
680.2432,242.3241,27.6433,29.0075
680.3943,241.9487,27.0956,28.1865
682.9681,241.6904,26.8301,27.3077
682.8492,242.3166,26.4688,26.1172
2
0
0
0
0
1
681.5589,233.4126,34.1861,32.9048
682.1664,235.3522,34.1618,31.8673
685.9508,230.1195,33.9478,30.8659
682.3990,235.7003,33.7945,29.9626
682.5831,233.0954,33.8110,29.0791
681.9726,235.4406,33.8928,28.1054
2
0
0
0
0
1
687.6964,234.7341,28.3688,32.2928
2
0
0
0
0
1
692.2574,230.6319,31.1105,32.8234
690.9901,229.3660,30.9334,31.6671
2
0
0
0
0
1
692.1474,225.9995,32.1967,34.7037
691.0159,232.2004,31.9354,33.1712
684.9600,231.7513,31.7129,31.8071
667.9735,230.5344,31.9325,30.4018
659.3852,232.1198,32.4202,29.4124
2
0
0
0
0
1
690.0286,230.7254,34.7852,36.7822
689.4149,232.7977,34.6113,35.2660
671.4999,232.3664,34.9619,34.0229
670.4826,235.5673,34.7970,33.0736
2
0
0
0
0
1
691.0226,229.9175,35.0673,36.8076
696.5948,224.9353,34.2805,36.3758
702.8331,213.0040,33.9561,36.0580
708.0869,202.0471,33.5994,35.9389
2
0
0
0
0
1
681.1306,235.1332,32.1910,32.3736
2
0
0
0
0
1
664.5649,237.2840,29.4139,31.1874
664.7200,238.5402,29.2714,30.1946
663.9678,240.1391,28.7826,29.5031
660.8362,238.7472,28.7074,28.4006
659.9381,240.8766,28.4650,27.3486
658.1976,240.6288,28.6127,26.0879
