1
773.6866,240.9549,149.8252,93.6395
764.6541,243.5801,151.6516,91.9235
769.4183,244.3887,152.3676,90.6409
765.2590,246.2727,151.0030,89.4774
768.3129,246.3430,149.9500,88.3054
770.7433,247.0312,150.1261,88.6826
775.9980,248.5296,150.3597,88.7306
770.2571,246.0259,151.2426,88.6514
774.5516,246.0092,152.1955,88.8349
772.9228,245.1012,153.0353,88.7783
775.0428,245.8869,153.2830,89.2396
777.8562,243.9084,153.3790,89.2836
775.5706,241.6091,154.0421,89.0119
780.3596,240.9356,154.2286,88.7238
780.3738,241.9440,153.5685,89.5236
781.8134,238.7607,153.1503,89.6199
782.0615,238.6559,153.5054,89.8258
783.7006,237.9917,153.0589,90.5285
783.4820,235.5901,153.0341,92.2375
783.5977,233.1053,152.3038,93.7914
788.8757,227.3586,152.4785,94.9690
797.4456,228.4500,153.7371,96.5586
791.9758,221.8524,153.9527,96.4277
798.4113,222.7383,153.2750,97.2929
800.8705,221.1384,152.9485,97.2962
803.3223,215.7286,152.6264,97.4477
808.6280,213.8211,151.9158,97.5474
807.7316,214.0221,151.1935,98.1701
811.8065,218.4055,149.2861,98.8645
815.0710,220.2430,148.2675,99.9644
819.4200,220.1882,146.4089,100.5750
821.8548,219.2879,144.9857,100.7141
825.0621,223.4680,143.1570,101.4957
827.0392,221.8628,142.1583,102.1690
829.2643,219.7862,140.0469,102.4196
834.5314,217.2420,139.4239,102.4077
831.6714,214.9693,138.9169,101.6877
834.7256,217.1982,138.6548,101.7804
838.0401,216.5048,137.7954,100.7668
837.2409,213.5869,136.6382,99.9126
842.6700,215.9223,134.7938,99.6972
841.8111,212.4708,133.2141,98.3460
849.1099,216.2630,130.2014,99.2906
848.6403,217.0033,128.3220,97.7248
848.5584,214.7612,127.0333,96.9418
852.6272,212.7420,124.3815,97.8307
855.0381,214.1956,121.5278,99.9285
854.3495,207.6083,118.2072,101.2768
858.6735,207.5529,114.4693,102.6042
858.1062,205.3114,111.8203,102.6183
855.5637,220.5583,109.8452,103.1756
865.5413,201.0456,106.0228,103.7998
870.1497,199.3199,101.7872,104.2027
868.9526,195.9503,98.9147,103.6848
868.8305,198.1803,96.6419,102.4506
865.8518,196.9947,95.2720,100.9532
873.1344,198.4691,92.6640,101.6109
869.6283,215.7941,91.2413,102.6351
879.9841,202.0686,88.6595,105.1571
881.4741,201.0594,86.5688,106.6113
880.0295,200.3852,84.9594,107.7057
884.3519,199.4267,82.4872,109.0933
882.2792,198.8307,81.9633,109.5416
880.7961,201.2718,81.9941,109.7140
880.0007,203.8891,81.8657,109.8537
885.1070,199.9036,79.9135,111.3595
877.1897,206.2737,80.0222,110.9625
880.1516,206.1413,79.4096,111.5532
884.8297,200.9179,78.4006,111.7483
881.1953,227.7527,77.7997,111.2756
878.6313,211.1522,78.0421,110.1377
883.5205,213.2845,77.3214,111.4589
879.4449,208.5661,77.7771,110.8745
885.8495,207.9963,76.5298,111.9494
885.8945,209.8302,75.9634,111.8242
883.7869,209.1056,75.4840,112.3041
882.2523,209.3544,75.7454,112.0824
880.3232,210.8194,75.4562,112.4475
888.4016,204.6682,74.7875,112.1726
885.8124,209.2543,74.3827,112.0092
882.0577,208.5164,74.8546,112.6693
886.3553,204.9766,75.6065,113.3369
887.8331,202.1906,74.9215,113.6434
887.4930,200.1886,74.7365,113.4735
888.7604,205.2523,74.6747,113.6292
888.8978,202.1524,74.3348,114.0330
884.9896,200.9147,74.7071,114.0203
885.9506,203.9609,75.0044,115.3461
890.4539,200.7449,74.2584,114.4964
886.7279,206.9046,74.6914,115.0256
891.1622,201.4543,73.8612,114.4723
888.7346,204.1758,74.3286,115.2417
890.2772,201.9355,73.8503,115.0221
890.9819,204.6925,72.9310,114.8324
890.8292,200.5990,72.6547,114.1582
891.2419,203.2147,72.2883,114.0198
890.7556,210.3477,72.8521,115.0480
889.9944,207.3841,73.5289,115.2067
889.5267,206.3220,73.6796,115.5212
889.7827,204.3102,73.8920,116.1117
887.7500,204.6157,74.4987,115.9478
890.6390,196.3305,74.3702,115.4813
889.5169,201.6835,74.1106,115.3756
889.6752,206.4956,73.4577,114.6390
892.0675,207.0781,72.8826,114.3822
888.6180,207.6968,74.0806,114.0976
892.7776,207.7503,73.3834,114.6617
891.8959,203.0041,72.8161,113.6325
890.6417,211.9308,73.8145,114.7595
891.4032,205.0754,72.5958,114.5019
890.8377,206.8299,71.9893,114.3015
893.1462,206.3781,71.6136,113.3789
892.3237,207.3532,71.1085,112.9211
891.6331,207.8487,70.8978,111.9093
892.6647,205.6824,70.9111,112.3730
890.2254,211.2930,71.0802,111.5609
890.6913,209.1779,71.9267,109.6547
890.3420,210.6076,72.6592,108.3401
892.0158,212.5594,72.9184,107.8922
891.5421,211.1178,73.0898,106.2014
889.0997,211.9571,73.4769,104.2619
890.6187,214.1317,73.6109,102.8126
890.0710,213.5593,73.9227,101.6786
888.9101,215.6683,74.6505,100.8456
887.8212,215.2450,75.2897,99.6311
891.1984,214.5112,74.3648,98.4939
883.8740,213.2837,76.3358,98.1907
886.5431,210.1068,76.4188,98.4253
887.3377,208.0947,76.4648,99.2338
888.7117,205.3134,76.1324,98.9796
880.7922,202.1189,77.9940,98.8089
884.9891,212.0630,78.2734,98.4970
878.7283,208.9290,80.5769,98.0169
881.1663,210.6434,81.3314,97.5950
883.8810,210.9676,80.9153,97.6520
878.4041,209.5090,82.6505,96.9125
880.1171,211.2495,83.3649,96.7708
881.2534,212.9541,83.0582,97.5045
876.7496,210.1948,84.5982,97.7729
878.9716,211.1651,84.5471,98.1683
879.8920,212.0569,84.5531,98.2088
876.0379,208.9063,85.7554,97.9297
874.6971,211.8950,87.4242,98.7694
871.2720,206.4845,89.6776,98.5920
873.8807,207.6491,89.8776,98.3910
874.5231,208.9131,89.8445,97.9585
875.9122,209.0422,89.4712,98.5161
869.5681,209.2038,91.4138,99.5779
871.6606,207.2684,91.4555,101.3675
871.4140,204.7742,91.8121,102.2913
870.4277,202.1982,92.2244,103.2214
869.9330,201.1666,92.5632,104.0517
861.0899,197.0485,95.8489,105.0717
865.3958,202.8066,96.8654,106.8615
865.3619,199.6022,96.7920,108.6030
864.7314,197.4819,97.2372,110.6745
862.5490,192.0507,97.7296,112.5293
861.6815,200.0175,98.2621,114.2115
858.6162,195.7815,99.5754,115.6766
854.6645,194.3280,100.5618,117.5295
851.3174,189.2516,102.5567,118.0974
849.2120,187.2642,104.9483,117.8519
847.5205,189.5863,107.2108,116.9079
848.3389,189.1468,108.5525,116.5516
846.2853,184.9484,109.3470,115.8560
844.0096,184.2336,110.5712,115.1997
842.7949,186.4104,112.4036,114.9252
843.0897,190.5040,113.7727,113.7222
843.6245,197.7570,114.8822,111.8277
848.0052,204.1299,115.1048,110.0738
847.9222,208.7197,114.4754,109.1210
851.5535,211.3354,112.7624,108.2466
851.1699,210.3002,111.9332,106.5720
855.0353,211.0094,109.8634,105.3457
854.3987,211.7401,109.2240,104.4230
854.9374,211.6580,108.2502,103.2543
850.5198,211.7545,110.7552,101.9480
852.9508,212.4563,109.6475,101.6252
854.6863,213.6408,108.4605,101.9028
856.4243,217.1361,106.8623,103.1616
858.2051,213.4905,105.3036,103.1844
859.8764,212.4540,103.2779,102.7973
855.2635,213.0429,104.7621,101.7217
858.1436,215.3590,103.3572,102.2948
856.5644,216.0661,102.8323,103.1817
856.6747,217.7256,104.8561,104.3935
858.3934,218.3600,105.0256,105.7282
857.1707,217.1988,105.3020,106.8261
856.1397,217.1376,104.8722,106.6510
851.4709,214.7215,107.8587,105.3954
853.5641,218.2780,109.5200,105.7185
850.6802,219.0314,110.6419,105.4481
847.6843,220.7385,112.6639,105.0201
845.4182,220.0632,113.8775,103.8991
847.9781,222.0159,114.2824,104.0179
845.5873,220.8773,114.9037,103.7250
845.6055,219.3282,117.0685,102.2341
843.1304,222.9131,117.5742,102.3700
780.6411,224.4196,122.0884,98.9133
759.6451,228.2219,126.0253,95.2365
750.2094,236.8863,128.6328,92.4687
750.6816,236.0635,131.1751,89.7232
744.5050,235.6003,132.3116,87.6467
759.0262,233.7210,133.1325,86.6948
747.7433,234.7726,133.0568,85.6452
752.3832,232.6485,134.7779,84.4778
746.7234,231.2254,133.9256,84.2256
757.4009,230.3008,134.2864,84.0532
752.6654,229.0345,135.7698,83.1318
763.3355,228.2705,137.6250,82.1306
758.2151,234.7731,138.1074,81.7381
752.3470,229.3963,136.4544,82.5414
761.5544,228.8791,138.4280,81.7137
758.4999,228.0376,139.7558,80.9391
754.1322,227.8336,140.2432,80.9558
751.6729,229.0101,140.7631,80.3320
748.3529,230.8314,142.3029,79.4065
743.3594,237.4628,142.3757,79.6844
740.6106,234.9940,141.5525,79.4259
737.9068,233.6750,141.4552,79.3058
746.3042,232.9354,142.4801,78.5776
741.9551,240.4353,142.6170,78.6793
740.6313,237.7345,141.9327,77.7198
752.1899,242.5917,144.0137,77.8529
737.2231,238.6624,142.9923,77.2640
748.7366,246.4541,144.0400,77.2176
743.4114,242.5040,143.4187,76.7249
739.2610,239.8096,143.5617,75.7221
822.3299,252.0520,142.6501,74.8305
815.2161,250.7953,142.8314,73.9476
818.8633,251.2086,142.7011,73.0719
816.9070,248.5846,141.9421,72.7915
819.3198,255.6241,141.3452,72.2904
815.4625,245.6634,141.2307,71.2457
814.7906,247.5129,140.1354,70.3906
801.0406,246.0999,140.8555,69.9484
759.5385,233.0009,143.1029,68.0110
755.4104,233.3404,144.7708,65.9483
750.6530,242.6788,146.4976,65.9488
728.9368,241.5543,148.5632,64.7604
727.8682,238.4383,149.7456,64.3330
725.3206,240.6371,150.9330,62.7549
720.3806,245.1682,151.5339,62.5058
717.0030,252.1205,151.4718,63.0074
704.5833,249.1123,151.3046,63.0662
2
0
0
0
0
1
460.8703,207.2228,118.7074,99.4290
448.8071,205.7290,119.9670,100.7054
447.0993,205.1328,121.1805,100.9651
438.4376,202.8550,122.5233,100.7698
436.3572,209.2327,122.7501,101.1110
436.8442,204.8786,123.1631,101.5197
432.4707,201.0968,124.0521,101.1931
427.9721,195.8334,123.2929,100.6184
434.5207,195.7609,124.2542,100.6644
430.0273,204.6788,124.4410,100.2636
427.4783,201.8102,124.5174,99.9834
425.1996,202.7483,125.1809,99.2942
433.1367,197.6961,125.9511,98.6700
427.5595,198.3418,126.0299,97.9564
426.2809,200.4358,126.7093,96.5409
424.5175,211.1390,126.6308,95.7839
430.1500,212.8092,128.6359,94.9396
424.1840,213.6096,128.9583,94.0584
421.9692,215.4355,129.6451,93.4044
421.0456,217.6618,130.0182,92.9490
418.2445,219.5733,130.7108,92.8927
410.4857,223.5136,131.8617,92.3451
404.7574,227.2017,132.2487,91.5288
409.1738,216.5059,132.8492,91.1159
402.0132,210.4992,132.7253,90.3513
394.6156,203.6249,131.0933,89.3805
393.4142,205.9736,131.3207,89.2962
397.2711,198.8327,131.7892,89.9116
386.5421,212.2819,131.4561,90.3920
393.4117,201.4514,131.2143,90.4406
394.9832,198.8766,131.1600,90.7469
386.4740,217.8679,128.5490,89.7460
428.7017,203.5538,127.4606,89.0941
397.7880,197.5881,125.4803,89.7883
406.7437,195.0567,126.4661,89.4818
399.1312,194.3611,124.6680,90.5189
402.8813,195.1124,123.1925,91.9972
407.0956,185.8864,124.0550,91.5333
408.5123,188.0858,125.2652,91.5585
405.5143,191.1922,125.8889,91.8933
402.6213,192.6932,125.5031,92.2436
410.1525,210.1325,125.6091,92.4328
406.5190,210.8446,125.7042,92.3112
404.6530,211.8789,125.8322,91.7981
401.9558,209.4609,125.9871,92.0616
399.6401,208.3882,125.9484,91.6848
396.9472,209.8829,125.8771,92.3062
402.5659,217.4574,124.9668,92.8166
391.2152,208.9818,124.6393,94.0579
387.6684,211.2620,125.4653,95.1774
390.4716,220.4162,124.7066,97.6684
392.2400,212.3221,125.1189,98.9424
384.1374,218.6646,125.3757,99.9628
384.6971,216.9661,125.4648,99.7339
384.3857,221.3571,124.7706,99.7252
384.1447,219.1104,124.5156,98.9465
382.1355,222.0454,124.2349,98.8438
382.9979,221.2240,123.8301,98.1073
390.1870,220.3006,123.4861,98.0161
383.1028,223.0467,123.8223,98.7235
378.3513,223.9160,124.4379,99.5515
378.8456,222.4165,124.0686,99.0565
378.7423,224.7170,123.2870,99.0282
377.4891,222.3532,122.7042,98.5739
377.9983,222.5577,123.0461,98.7803
376.6699,224.4791,122.4526,99.7487
382.3865,221.8642,122.7396,99.9177
375.8667,219.5705,123.1335,99.9343
380.5404,216.9933,123.1369,99.8417
372.4678,217.9443,124.1003,100.4169
378.8080,221.5211,123.4343,100.7386
383.3797,217.6951,123.0801,101.4609
376.1093,215.6898,124.2060,101.4930
375.0595,216.3336,123.9266,102.0427
379.5174,215.6515,124.2742,102.4699
375.0013,215.2451,124.7429,102.7869
362.7185,221.7437,125.2017,103.0819
358.8043,224.3537,126.4956,101.8710
364.9503,226.3440,127.1760,101.6027
361.5861,226.9741,127.6874,101.6705
353.1849,217.3856,128.9228,100.8426
356.9359,223.4102,129.8452,100.7732
356.8038,228.7397,129.8710,99.9526
359.4054,222.2372,129.9994,100.3208
354.1619,221.2526,130.2130,100.2470
354.5186,219.7315,130.6725,100.3792
352.8122,218.2545,130.2411,100.6088
357.8813,223.1302,130.3177,100.5077
353.8837,224.5152,129.1259,99.9734
353.5278,226.7145,129.0600,98.9450
347.1453,221.7931,130.0690,98.0163
345.2158,226.7145,131.5048,96.5301
336.0432,224.2428,132.3712,95.1091
344.8936,231.0183,132.0248,93.8440
341.5162,225.4461,132.3050,93.0075
265.8557,243.2318,130.5777,91.9307
271.4519,242.6055,129.8925,90.6238
266.7101,242.3770,128.9926,91.2415
268.2967,238.1037,128.1828,90.9804
291.9054,235.2390,127.3865,90.1002
291.6628,241.0778,127.0078,90.7387
325.7246,225.9362,128.0687,90.0760
290.7118,233.6753,126.6747,90.5359
324.9549,224.9265,127.4143,90.8971
295.4056,231.2678,125.9434,89.9455
323.3307,219.4456,127.3915,90.7473
323.7512,214.4939,128.4550,92.3703
324.0980,219.4513,129.2556,92.9119
322.6024,221.6629,129.0209,93.6273
331.2706,221.8092,130.5851,94.1210
318.6748,217.7534,131.5633,94.2026
319.8215,222.3997,131.3365,94.1108
320.8132,226.1490,131.5469,95.0064
320.8067,228.5223,131.1460,95.3325
315.2640,228.8330,131.1326,95.7847
317.5975,230.4589,131.8571,95.8439
298.8159,225.6283,131.2746,95.6217
269.4357,235.0352,129.9742,97.1969
279.4084,228.1687,129.3497,96.5531
271.8018,234.9224,128.5104,96.7586
267.6305,234.8107,127.5642,97.0739
271.9868,229.4277,127.2375,96.3830
269.6732,230.8135,128.1258,95.5425
264.1193,233.3500,128.3638,95.2111
257.7086,239.7994,127.8270,94.9221
193.7111,239.0682,127.4722,94.9902
185.9489,237.0899,127.8414,95.3274
194.2541,236.6639,128.4502,95.8521
185.6039,237.7029,129.2725,96.3159
197.2498,237.8135,129.3295,96.9092
191.0563,233.8938,130.0269,97.2565
183.8528,234.2435,131.2064,96.9313
196.3717,230.5079,132.1373,97.3672
172.6931,235.1727,132.1350,96.8745
181.6584,233.8789,132.2240,96.8638
245.0120,229.5262,131.5179,96.5083
248.5311,236.5128,129.7718,96.0991
244.3380,231.6769,129.0925,95.8800
250.1918,236.0207,127.0904,95.9516
253.7750,236.1891,126.0624,95.8712
255.5549,231.2525,127.4001,94.5984
244.2159,230.4921,126.9927,94.5549
248.2655,231.4092,128.0796,93.6796
165.8591,241.3878,129.2640,93.9629
151.4162,245.9564,131.1327,94.1440
138.6691,253.8768,134.2820,91.3385
140.1227,244.0608,136.0674,91.4568
141.0597,236.6068,137.4063,89.7191
136.2141,243.6892,139.2150,88.0603
133.9952,247.3995,139.5057,87.4296
138.5321,239.7568,139.1270,86.8570
134.6770,244.0965,138.7374,86.9649
137.5856,233.2855,138.7924,85.9605
126.9710,251.9617,139.5299,85.2583
130.3410,234.9773,139.3278,85.5225
126.9729,230.8932,141.4940,86.7708
127.0786,234.2216,141.3719,86.9041
124.4403,233.1754,141.9374,86.5319
124.4677,235.3314,143.7795,86.2923
120.2576,234.5737,144.2200,86.2578
121.7153,239.7703,144.4944,86.3687
126.6548,235.4330,144.7678,86.6526
125.6045,242.4123,144.9166,86.5289
123.6069,247.1405,144.7364,86.5176
125.7215,237.9907,143.8844,86.1168
127.5550,234.6804,143.7932,86.5640
124.6233,238.4888,143.4423,86.2023
116.6626,233.4449,142.6413,86.8930
112.2935,230.9361,143.2921,87.6246
111.9624,234.9742,143.7487,87.6364
117.0961,229.8982,143.3908,88.2140
111.9634,235.4258,144.1910,88.4566
112.0662,240.6124,143.8306,88.2123
117.3223,233.9651,143.6544,87.8776
115.4743,230.3546,144.0340,88.0090
112.1076,228.0346,145.1686,88.0041
113.7345,227.6514,145.5816,87.8257
116.9956,226.9743,146.1277,87.6949
113.5980,228.4735,147.0038,87.9397
115.7966,226.9417,148.2333,87.6191
115.6561,225.4625,148.1949,88.3097
114.3014,225.5044,148.7144,88.6764
116.9701,225.8133,149.4340,88.3499
119.9336,225.9790,148.8891,88.2095
119.9508,225.8591,149.4525,87.9186
131.0152,225.8582,150.1049,88.3808
114.2089,237.7566,149.7801,89.2903
114.1332,228.8215,151.0351,89.4119
110.6504,237.6520,152.8617,89.1556
107.3364,233.4140,154.7444,88.8040
110.1055,227.9201,157.4142,89.1228
106.0336,246.9488,159.1619,91.1187
101.1396,238.1485,161.2509,90.8369
111.5083,235.7420,161.6613,91.4646
108.8683,233.6203,162.2638,90.9823
105.9665,233.6246,162.0844,90.2072
103.3007,239.7173,161.0395,89.8224
103.6484,236.5885,160.2535,89.5658
101.2158,234.2809,159.2509,88.7181
102.2681,233.5743,158.0905,88.4799
100.9811,241.0537,157.6624,88.4506
94.5674,237.3775,158.8890,88.4513
92.6685,242.4053,158.5218,88.3000
92.5897,233.1101,159.1029,88.5211
104.9496,234.3005,158.2238,88.8695
90.4414,235.2722,157.4451,89.2476
76.4575,242.1529,157.4324,89.7863
78.9965,245.3498,154.9229,91.3891
84.9697,236.7330,152.7130,93.5199
84.1367,241.9604,149.9786,94.1478
83.7603,246.4657,148.0679,95.2900
82.0913,252.6021,147.8401,94.6565
78.2633,241.8121,147.7888,94.6787
81.8028,232.2280,147.3985,94.7029
76.9541,238.9735,147.5081,95.0173
82.3442,232.0470,147.6113,95.0228
78.7084,239.5947,147.0938,94.8971
89.4162,235.7328,146.4971,94.4455
72.6311,234.6685,146.6555,94.0460
80.3263,234.0345,146.3509,94.0956
81.0497,234.3066,144.8357,93.2792
77.5293,234.9923,145.0353,93.4585
89.2305,234.3568,144.6530,93.1126
68.2567,234.3253,145.3814,92.7215
58.1094,230.0198,147.1715,92.9476
68.1186,230.9654,148.5031,91.6096
58.6132,226.4632,149.8763,91.5401
51.6297,232.0094,151.1717,91.0776
14.0324,247.9729,151.5046,91.4015
8.1756,250.2124,151.6936,91.0873
8.8099,242.5630,152.2026,89.9569
9.9078,247.0934,152.5784,89.9289
9.2467,240.6093,153.4165,88.1581
4.8796,246.1377,153.0529,87.4739
10.9208,240.3390,153.2916,87.0989
6.7548,244.0620,153.4655,86.9971
5.7445,237.2615,154.2826,87.0749
9.7800,226.7088,154.0368,87.5069
11.6496,222.6023,155.8272,88.8918
10.0277,220.4801,156.9884,90.5633
7.7784,219.0998,156.4542,92.3542
7.9377,218.1189,156.0812,92.8999
8.5297,219.1889,155.5702,93.6485
7.9169,219.3942,154.4593,94.5354
8.1264,219.6956,153.8905,95.0859
8.0540,218.4151,153.3267,95.6549
7.0523,217.8966,152.4958,96.0795
13.4730,216.1927,154.0779,97.3799
10.8840,217.8520,154.7418,97.5832
8.8427,216.8845,154.5900,98.1425
9.2774,214.8272,154.7655,98.7768
9.3803,213.0676,155.2003,99.5339
7.9706,211.3758,156.3017,100.9212
7.3534,210.6807,157.4469,101.7461
6.2088,210.9809,158.4420,102.4183
4.6634,217.1669,158.6211,102.6271
8.6653,218.8460,159.8035,103.1426
5.6454,218.9677,160.8898,103.6050
7.2765,217.8043,161.1018,103.8619
4.1378,216.3710,161.8498,104.2740
4.5510,219.6961,161.4155,104.1463
2.7488,216.9720,161.8691,104.7602
3.2321,213.4137,161.5699,104.9084
3.2651,211.8627,161.5475,105.8836
2.4097,206.2282,160.9565,107.2328
2.7566,204.0312,161.1944,108.3517
3.9968,202.8557,160.5096,109.7737
8.9843,201.5170,162.6846,112.5247
20.5808,209.6217,162.8413,113.0276
20.6418,208.7889,164.4463,113.7084
20.2352,208.9058,165.7683,114.1417
18.6504,207.3468,166.3593,114.8002
6.7842,205.1470,166.2990,116.2887
10.5344,205.8992,166.9139,116.6342
9.3629,206.3395,167.6487,117.0278
8.6205,197.5830,169.8423,118.8076
5.7997,202.1699,169.3299,118.8464
7.3888,203.1447,169.9774,119.3791
7.7467,204.0499,169.4695,119.5816
6.6693,204.3606,169.4568,119.6765
3.6524,198.7459,169.3074,120.3317
4.2429,197.0438,169.6522,121.3775
-0.4568,195.0590,168.6112,122.3050
4.6501,198.9050,167.5589,122.3846
5.8846,201.1769,168.0728,122.4233
3.0120,196.2372,168.1233,122.8525
3.6324,194.6025,167.7437,123.7178
9.0882,193.7547,165.5361,124.9204
11.8831,194.9544,163.1326,125.8574
23.7868,201.0542,162.6527,125.3948
15.6548,188.4355,161.9201,127.8700
12.4052,189.2703,161.7511,128.4383
11.7189,185.6516,161.2752,129.9162
9.3180,188.0418,160.1633,131.3751
9.5148,187.7710,158.8011,132.3362
13.1794,187.8482,158.6098,133.0027
9.5140,188.0993,156.8216,133.4557
10.1085,187.5029,155.9905,133.1890
14.7741,187.6834,156.1145,132.8494
11.0083,185.7669,155.2695,132.5645
10.6314,186.9182,154.9122,132.4687
15.1545,187.4375,155.5559,132.4262
14.0453,187.8642,155.1834,133.4252
15.8653,188.2613,154.8046,133.7230
12.4622,188.2760,153.8372,133.7242
18.0696,188.4399,153.9022,133.7814
17.4669,188.8893,152.2499,134.0460
36.9574,199.8017,150.2266,132.0228
38.0707,213.9635,149.1635,129.4339
26.1997,219.8437,144.8790,126.5323
45.2037,222.4807,141.6958,123.2586
48.3481,224.1645,138.4680,119.7682
55.0191,224.1375,136.2395,116.3874
55.3103,224.4788,133.3387,113.6461
56.4606,224.9223,130.6075,111.0465
56.7953,226.6630,128.7722,108.1664
58.9724,228.1080,125.5646,106.1174
63.5387,227.3837,123.6539,104.5597
62.9328,228.6817,121.7835,103.1044
65.7613,229.4579,121.0575,102.0167
65.3401,229.4171,120.9492,101.2994
65.2249,230.1191,120.3249,100.5933
60.5430,228.3384,117.9983,100.5599
66.0942,226.2245,115.7515,100.5848
68.8544,225.9512,114.1261,100.5736
64.1705,226.0094,111.8370,100.5405
68.4131,224.8613,110.3790,100.5948
70.2316,225.3377,109.3453,100.2269
66.9324,225.1462,107.8096,99.9286
67.6936,224.1639,106.6294,99.3032
68.7179,225.4680,106.5077,98.6917
69.5804,226.8721,106.0865,98.7687
74.5330,229.5571,105.9972,99.4177
69.3099,222.1617,105.7363,98.6187
66.4668,226.1900,104.6841,99.6764
67.4312,226.5232,105.1725,98.9060
69.6778,221.9666,106.5626,98.5760
72.6790,219.4292,107.6676,97.7447
69.5829,221.1205,109.2251,97.8043
67.7443,221.0974,110.4506,97.8304
60.2933,225.8501,110.6162,97.6243
55.7324,230.1544,110.5205,96.6069
56.0298,232.7219,109.6797,96.4773
53.3192,234.3114,108.9241,96.4783
51.6142,234.2369,108.5432,96.2974
55.3985,235.0645,109.8701,95.8249
50.1572,236.5074,110.0249,95.8408
54.4492,237.4034,110.4192,95.6889
58.4447,237.8528,109.8553,96.2641
54.4588,239.6392,109.1304,96.1965
58.8036,240.6166,109.1518,96.0912
53.7430,242.5741,108.6976,95.8135
58.6144,237.6505,109.3205,94.0837
61.1679,240.7397,109.1171,93.4761
65.3260,243.9633,108.7589,92.7162
67.0013,244.0525,108.2593,93.5817
69.8752,244.5094,107.5577,94.0902
72.4382,243.0122,107.6132,94.4929
74.7023,242.0719,107.4811,95.3600
76.6793,242.1076,108.1192,95.5880
67.8887,244.4762,107.4661,95.0506
71.2305,244.7919,107.6775,94.5385
74.4945,243.5675,107.5563,94.8049
76.2236,242.0671,107.5113,95.4192
76.3904,241.9137,108.0961,96.0850
75.1069,241.9137,109.3302,96.2057
76.6601,241.2186,109.2097,96.5502
75.7049,241.2024,109.7538,96.7442
65.8756,242.6969,109.3426,96.2666
69.4560,242.9738,109.0800,96.6825
71.7788,242.3706,108.4173,97.2652
73.2228,241.3496,108.2075,97.5740
75.3834,243.0220,108.6975,97.6300
76.3811,244.8294,108.9563,97.5555
77.2190,237.4223,110.1610,96.4895
76.6176,239.4970,110.4238,96.2854
76.9832,239.9790,109.5354,96.6724
77.6628,239.8122,109.2988,97.5079
92.8175,239.5479,110.5296,97.7787
78.4249,239.8920,111.1836,97.6132
78.9153,238.6093,110.8651,98.2839
70.4261,232.2591,110.2256,97.0027
72.4479,237.6570,109.5858,96.3708
85.4992,238.7281,109.9244,96.0919
64.6985,232.3643,108.6034,95.0166
68.9531,238.1745,107.4901,94.1726
61.9667,232.7460,106.0447,92.5859
57.6473,229.8005,104.6292,90.2082
56.8557,233.5693,104.6159,89.3680
47.6811,238.6893,104.3576,87.6980
42.6494,236.1338,104.7466,85.4665
36.8434,242.9301,104.4447,85.1888
39.4440,237.8660,104.3294,84.1940
48.4156,233.7794,104.4103,82.6749
49.2186,232.4948,104.4690,80.9601
45.7591,239.3816,105.3563,79.6027
38.2014,247.8280,105.3804,79.7094
28.3105,244.2923,104.0166,78.8238
22.0531,243.8181,103.1262,78.1290
30.7425,250.4913,103.0578,76.5053
44.0409,255.1650,103.9721,74.8024
46.2788,252.3623,105.4706,73.1484
44.3128,258.5621,105.7804,72.3283
41.9098,263.1897,106.0227,71.7892
40.2092,267.8563,105.5773,71.3840
47.9682,261.8221,105.6970,71.2629
43.6255,260.1024,106.8393,70.5159
41.3858,265.1688,107.5016,69.9679
37.7297,255.6896,108.1878,68.7805
27.2637,262.1861,106.5967,67.8627
23.9820,268.4330,105.7165,67.2473
25.2258,266.4840,104.4926,66.0751
30.1810,273.3409,103.5772,65.4289
45.0095,260.1114,104.6396,64.6902
48.5604,256.5916,105.7402,64.6748
45.9945,264.1391,105.8613,64.1221
49.4312,260.2083,106.1927,63.8475
52.4375,256.5518,106.6912,63.1252
48.8127,263.4092,106.1926,62.6858
46.9471,261.4668,105.6465,62.5528
51.5679,260.4570,104.3378,62.0218
46.8996,260.0782,103.3495,61.2483
53.6843,259.2180,102.4114,60.4923
55.1542,257.2065,102.0840,60.0270
56.0390,257.2570,101.4515,58.8621
51.9226,256.0797,100.7047,58.3551
55.2746,257.1844,100.1425,57.4274
55.7878,255.9781,99.5115,57.0035
58.5813,255.9678,98.7694,56.4871
58.4848,255.1783,97.9475,56.1037
59.4037,253.6804,97.4245,55.7297
61.1406,253.4298,98.1865,54.4795
60.5986,251.3152,98.4313,53.8234
63.1332,251.6736,99.1249,53.6713
66.8765,251.3843,98.8935,53.6873
67.2412,252.2267,99.0800,53.7344
69.9408,253.6836,100.0370,53.2587
80.7661,253.0332,99.8196,53.3645
79.6484,246.0092,99.2097,53.1503
82.5273,239.2457,97.9827,53.2433
100.6261,256.2092,96.4253,52.9584
109.5860,247.8254,96.8966,53.3624
111.0676,248.0884,96.3898,54.0002
119.3446,254.1389,95.7949,54.5090
125.6955,250.8727,94.3876,55.2977
124.4073,247.5512,93.0129,56.4311
125.7166,243.5683,91.9754,57.1783
130.2071,249.8054,90.7484,57.3925
132.5226,246.2992,90.5816,57.0609
132.8215,245.5554,89.9160,56.6222
130.4707,243.1248,89.4798,56.3239
137.4062,242.0692,89.3063,56.2046
136.3476,239.5965,88.6940,56.1542
137.7940,238.7033,87.9250,55.7894
136.9026,246.1206,87.4845,55.4758
143.1077,245.0441,86.6741,54.8480
142.2318,244.6497,86.1173,54.3667
144.5463,235.5398,85.3895,54.1251
151.6771,230.4268,84.8518,53.8773
153.6347,240.7738,84.6790,53.6249
158.4321,236.1280,84.6286,53.2094
157.3745,240.1027,84.9184,52.6327
157.8497,243.8910,85.8196,51.4470
159.5640,245.5038,84.9675,51.0888
162.1720,240.5790,84.4042,50.9753
162.2955,244.8876,84.2275,50.5064
165.5589,239.9942,84.9905,49.9267
168.4491,242.2943,85.1440,50.0016
176.0278,237.1149,85.6249,49.8490
180.6825,238.8451,86.2258,49.8250
185.8704,239.9745,86.2540,49.6602
192.6080,241.5386,86.6688,49.5123
197.2490,251.1302,87.0453,49.4309
199.7842,251.5832,87.0818,49.2349
200.5449,251.0102,86.9872,49.6642
201.3613,250.8437,87.0362,49.8205
199.5555,249.0725,87.2878,50.1035
202.0720,244.6193,87.0142,50.0340
208.0582,250.7421,86.8336,50.0020
208.0706,251.0290,86.7664,49.9038
208.1676,245.4177,87.1846,49.7067
209.3178,247.7983,87.0779,50.1683
209.5052,252.4698,86.6206,49.8128
207.4021,249.6432,86.9938,49.5232
205.4315,253.9066,86.6202,49.3046
208.8461,247.6922,86.8919,49.1088
209.0081,247.5799,86.6369,49.1055
211.7789,240.9819,87.8014,49.1843
214.8658,243.2820,88.9483,49.1528
215.9024,245.2263,89.9740,48.9477
216.2260,245.8393,90.6332,48.4105
216.9593,239.1917,91.0496,48.1478
216.1066,248.3827,90.9118,48.0505
217.1301,241.4512,91.4140,47.8970
219.4888,242.9136,91.9687,48.1122
217.1315,244.0716,91.5757,48.3010
218.2195,245.2447,91.3467,48.5757
217.1002,238.5099,91.9280,48.6601
216.8457,240.3813,92.5840,48.8233
216.7276,242.0976,93.3877,48.4107
217.1654,242.9615,93.4375,47.9444
216.4490,242.7374,92.8822,47.6895
217.6534,242.8888,92.3681,47.1014
218.7145,235.5973,92.1429,47.1275
218.8775,237.5966,91.8659,46.9127
217.3801,240.1281,91.1431,46.7656
218.9188,233.6893,91.6225,46.3863
218.4438,236.5076,92.2638,46.3260
215.0947,247.1767,91.5284,46.2587
215.5857,232.2400,91.5446,46.2630
216.4898,233.0735,91.7019,46.0447
217.6909,234.5357,92.0672,46.0719
214.6325,235.8788,92.0377,45.6434
213.4173,237.4053,91.6525,45.2360
211.2595,246.5344,90.6919,44.7335
208.7522,238.7948,89.6565,44.3351
212.2326,232.8896,89.7187,44.3783
210.7304,241.9675,89.3832,44.3001
209.7767,233.5942,88.5164,43.7391
214.7713,234.6319,88.2689,43.7008
214.3792,233.9373,88.5300,43.8501
213.8247,234.1078,88.2260,43.6632
213.6355,233.8331,87.8542,43.6370
217.7362,233.5006,87.6589,43.9502
217.2390,233.3900,88.0532,43.8345
216.9973,232.6137,87.6335,44.4384
215.8535,232.0002,87.1630,45.0521
213.8979,240.6723,86.0772,44.9037
213.2746,240.9349,85.4383,44.6527
212.8408,239.5752,85.1683,44.2915
213.5646,247.6304,83.9908,43.7087
212.0429,238.5090,84.4659,43.3005
216.3678,236.2298,84.9307,43.5844
214.5655,244.4715,84.4517,43.2840
211.0399,250.6890,83.0692,43.0382
215.0569,238.7068,82.4879,43.8402
214.1077,234.5310,81.5812,44.6297
214.3864,237.9895,80.9409,45.4936
211.6183,240.7023,80.5309,45.7838
208.5797,252.1597,79.5173,45.4749
207.4889,246.1117,77.7576,45.6859
209.1370,247.8768,76.3156,46.1561
210.0271,250.6659,75.5928,46.0693
208.0340,243.3736,74.6371,46.6199
210.6555,247.4392,74.8108,45.9503
215.2270,255.7282,74.4945,45.8241
216.6355,241.4303,72.5536,46.7830
211.7256,245.5732,71.9839,46.7033
216.0536,252.9518,71.5411,46.7777
215.5832,241.7681,71.4495,47.4310
216.7173,243.9204,70.5082,48.3499
225.0755,236.1101,69.5309,49.1991
222.1333,215.7881,69.1349,48.7915
220.8174,223.2739,67.6183,50.2423
221.4789,245.3053,67.3612,50.5182
222.0872,258.1430,67.5623,50.5196
215.5928,239.7882,68.1035,50.8796
215.0191,239.8382,68.3327,50.4814
218.7058,237.5646,68.6552,51.1669
216.4940,240.3180,68.8400,50.5108
217.1358,234.9818,68.8232,50.8265
218.9789,232.8317,69.1232,51.0004
221.1288,233.8506,69.5944,50.8936
221.8380,234.2896,69.3895,51.3066
222.7170,235.2757,69.2558,51.7251
225.3249,238.4295,68.7733,52.3155
223.8107,237.4997,68.2258,52.0253
221.8175,238.6147,67.9326,51.5645
226.7752,238.0864,67.5805,51.1803
230.4752,239.5846,67.2920,50.9224
227.3282,239.7346,67.0268,50.8525
225.2342,235.8932,66.5861,50.4505
229.3820,237.3267,66.0700,50.0262
227.3573,237.8894,65.7927,49.8173
225.0598,237.6257,64.7040,49.7576
227.2438,234.1473,64.1138,49.6113
224.9807,240.4980,63.3567,49.4653
223.6082,241.1256,62.5477,49.1403
228.5191,240.5346,62.1548,49.0271
229.6250,239.2005,61.9429,49.1617
228.6422,234.0382,61.5072,49.0141
228.3411,234.6907,61.3455,49.1217
228.9648,236.1961,61.3490,49.0227
225.9442,237.1510,61.3049,48.5394
224.1126,237.3589,60.7746,48.3006
227.6895,234.0518,60.4803,48.1050
227.8521,234.1616,60.4555,48.2799
225.7717,234.7875,59.8617,48.3067
226.0835,235.3200,59.7636,48.1471
230.4951,235.9554,59.7572,48.2064
228.2887,235.6609,59.5322,47.9296
228.4844,235.5872,59.4712,47.6916
227.3581,237.2086,59.4373,47.5687
225.8103,236.5490,59.3547,47.5347
226.7108,237.2724,59.2951,47.3073
224.0400,238.6590,59.3558,46.9124
222.7831,238.9158,59.1807,46.5960
228.2149,235.8073,58.8633,46.7455
226.1696,236.2080,58.7427,46.9502
225.5034,237.0079,58.6438,46.9691
226.3089,235.0319,58.7640,47.0452
226.4316,234.5882,58.5665,47.1329
227.3584,236.5747,58.7036,47.2074
225.6499,236.2154,58.8105,47.0631
224.6641,238.9977,59.1785,46.4946
223.5289,240.3616,59.4867,45.7445
222.9541,238.6679,59.7106,45.6497
225.8310,239.3367,59.5584,45.5646
225.1125,240.0067,59.2552,45.3146
229.1058,236.7000,59.3248,45.3930
228.6752,237.0454,59.1194,45.8777
231.3493,238.8755,59.4267,45.7832
229.1009,239.1934,59.2319,45.6854
230.5382,239.2587,59.2029,45.4408
229.3235,237.0311,59.3330,45.0477
227.1917,235.2137,59.5106,45.0139
229.8420,238.2144,59.4643,44.6585
227.8866,237.6257,59.0492,44.7232
226.9203,238.2890,59.1511,44.4161
229.9371,238.5755,58.9548,44.4511
228.7313,236.5444,58.5779,44.6008
227.7327,238.2313,58.0670,44.4830
226.9801,239.1245,58.1682,44.3753
231.0337,239.6129,58.3032,44.4883
229.4672,238.6558,58.1830,44.1844
230.4641,239.8197,58.0732,44.1809
229.0771,240.4280,57.6834,43.9344
231.3158,242.0323,58.0318,43.5677
229.0713,237.4494,57.7307,43.7239
227.0338,239.5964,57.3392,43.6775
229.1117,238.8338,56.9785,43.3462
226.6647,239.5644,56.6692,42.8138
230.3545,241.2450,56.2907,42.6053
229.7832,240.6222,55.8688,42.3381
232.1219,238.5382,55.9181,42.3036
231.7417,239.3067,55.8788,42.2183
230.8089,238.1656,56.0993,42.1207
231.0127,240.7196,56.3790,41.7630
229.9355,241.0148,56.4034,41.6745
230.7547,242.7135,56.3362,41.4171
230.4281,239.3949,56.0970,41.1858
230.6292,238.8262,55.8038,41.1793
230.3964,237.8076,55.8461,41.3442
234.2804,238.5243,55.9721,41.3740
229.7161,236.8838,55.9366,41.5198
229.3046,237.9498,56.0575,41.3032
228.5652,238.1702,55.9033,41.1074
233.4021,237.3116,55.9536,41.1044
237.6042,235.9289,56.0575,40.8676
238.2792,236.7852,56.1085,40.3056
240.5960,234.2908,56.0081,39.8930
242.6283,233.0925,55.9452,39.4403
240.4402,233.3416,56.4204,38.8734
242.3458,232.3783,57.1924,38.4265
252.0957,229.0679,57.4807,38.1368
249.5878,230.6639,57.8287,37.9143
250.1314,228.5020,58.3481,37.7388
251.9279,227.3824,59.1357,37.1701
250.8782,230.3722,59.2334,36.1511
253.9993,229.3373,59.4870,35.1942
256.7145,228.4665,59.7617,34.1246
255.9663,227.6512,59.7448,33.2909
258.5009,231.5169,59.1015,32.7346
253.2180,234.8578,58.7611,32.5682
255.3453,237.2733,58.0535,32.6719
256.6985,237.2594,57.0228,33.1535
257.1539,242.7990,56.3939,33.4525
260.7674,245.3538,55.6461,33.6498
277.5374,239.4704,55.0080,33.2936
289.4549,234.8104,54.4738,33.4411
314.7277,257.2538,54.6091,33.7857
319.9777,259.4099,55.0610,34.1319
312.4829,255.0675,54.7503,34.5495
315.1754,255.1513,54.8946,34.6975
319.6570,256.7687,55.3951,34.6797
334.4833,253.6416,55.2263,35.1485
335.0098,252.8144,55.4292,35.4078
335.2303,252.2562,55.8619,35.5336
337.1171,247.8860,56.0406,35.5870
339.1094,249.2402,55.8829,35.5284
349.3298,245.0816,55.5103,36.0660
353.5327,244.9574,55.1196,36.6099
335.7107,226.4724,55.2439,36.0935
338.5973,226.1180,55.6552,35.6300
337.2763,223.9372,55.4137,35.4206
341.6518,227.6390,54.7280,35.6079
341.7417,227.5962,54.4302,35.5116
346.4073,231.2885,53.7397,35.5113
348.6277,235.1383,53.7746,35.0832
349.9744,234.3033,53.2174,34.7609
369.1432,244.4135,51.9973,35.9932
376.8517,256.1789,52.1320,36.4510
380.4626,256.9665,51.8557,36.4546
389.3508,263.5550,52.2415,36.1031
397.5079,274.9723,52.6202,35.7196
417.8681,276.4121,52.5721,35.4881
429.6826,272.6925,52.4973,35.3141
437.7840,262.5615,52.2603,35.0203
446.8853,261.0794,51.4309,34.8755
455.4137,259.9240,50.8790,34.6438
476.0110,255.3542,50.7859,33.8676
484.5166,261.6597,50.3265,33.8656
488.3817,261.6874,50.1361,34.0690
497.1922,261.7116,50.2874,33.9267
498.4289,261.6147,50.0979,33.8491
509.6388,276.7462,50.0672,33.8421
516.0945,276.4160,50.2797,33.8808
523.9886,278.5138,50.1745,33.8677
532.2954,283.3222,50.5192,33.9625
539.8960,282.7548,50.8302,33.9924
557.5776,275.6313,49.8399,33.8961
2
0
0
0
0
1
722.3281,233.4643,145.2567,68.8013
718.7734,231.9803,145.5576,69.8786
719.5988,232.8924,146.2051,70.4738
701.9273,217.8112,146.2675,70.9836
699.3875,215.9443,145.5544,71.1451
706.6533,217.3932,145.9026,71.8828
700.1116,216.5214,146.3806,72.1110
703.2480,221.7973,146.5212,72.5070
692.0428,221.5514,145.7682,72.1385
708.4020,222.3092,145.7459,72.1873
710.3615,220.9621,146.1323,72.4918
713.2847,219.0191,146.4452,72.7190
717.6945,222.4145,146.7958,72.6866
721.2100,223.5228,146.4891,72.5721
727.5594,225.8302,147.4701,72.7144
713.0356,222.1298,147.3773,72.2505
713.4418,224.8506,146.5575,72.2686
714.0591,223.1743,147.2079,71.4095
719.9108,221.2445,148.2416,71.5197
717.4506,219.2895,149.3037,70.7490
717.4534,220.6538,148.7877,70.4166
717.3231,216.6283,149.0589,70.0148
721.9415,220.0647,149.2343,69.9250
724.8671,222.8493,150.3756,70.2565
719.6509,222.4401,149.5989,69.8982
725.3334,221.8670,150.7906,69.7936
725.8741,216.5885,151.0473,69.8090
733.2889,214.2015,150.8262,69.8468
739.8510,212.5813,151.1307,69.6230
739.8914,219.0526,150.7621,71.0731
