1
623.5366,665.7859,56.9655,28.4167
615.3010,659.5203,58.2722,27.6260
603.7371,657.2006,57.9915,27.8392
581.7491,653.2837,58.5459,27.7510
563.7245,651.9997,55.4993,29.1578
546.2808,645.7116,53.1758,30.8016
535.6948,641.4231,51.6676,30.8532
520.2218,636.4374,49.1258,31.4401
502.2497,630.9912,48.6319,31.4512
482.0979,630.4166,46.7502,31.1836
456.7780,617.8643,45.8940,31.2755
434.6455,593.8419,41.5637,35.1213
415.4901,578.9257,42.0935,33.1557
394.2700,568.2164,39.4908,34.1051
380.9309,555.5692,39.1518,34.4262
357.6538,530.6558,35.4798,38.4712
343.6108,515.9780,36.6996,36.3432
336.6739,512.3550,35.6929,35.7817
322.1729,503.8603,35.9861,34.5231
302.7735,503.5805,37.4455,32.4264
275.9232,507.4316,39.0085,30.8775
261.6151,518.0927,38.3567,31.0641
226.1711,539.5330,37.5746,32.6687
213.5300,552.8386,36.6243,33.5774
204.3345,563.8393,35.7039,33.7184
190.6666,577.5433,37.0231,33.7243
185.7585,585.1422,35.1766,35.3157
193.4173,592.7889,33.3423,36.5205
190.6956,623.7606,33.4291,36.4446
207.7102,648.4485,32.2895,37.4711
2
0
0
0
0
1
288.6401,788.3636,31.4865,43.6329
300.2612,798.1481,32.0916,42.7342
307.1143,803.0207,33.8715,42.0426
317.6954,809.4545,34.6807,42.1334
334.6835,815.0550,36.7365,39.3251
357.2763,825.3110,36.8906,39.4260
373.3483,841.4413,35.4380,39.1956
383.3269,850.0912,33.3911,41.1352
388.0791,853.6411,33.2829,43.2962
387.0245,854.4614,33.3156,44.7388
385.6722,855.7836,32.7639,46.6251
383.9475,857.6898,33.0980,48.0657
383.0376,856.3309,33.9308,47.5598
382.7995,858.5040,34.7810,47.2562
383.0529,857.2684,36.1395,47.6668
385.9527,857.2554,37.5168,47.4789
390.1596,859.4298,39.2255,48.0048
393.2360,863.8569,39.7053,48.5542
393.3591,866.6447,40.2868,48.9531
390.6599,868.9908,41.2320,48.6495
389.9867,870.2522,41.9278,49.1438
387.2715,870.3162,43.6595,47.7082
386.5529,871.5653,44.3746,47.6887
384.5939,872.7460,46.0965,46.7076
382.1288,874.2462,47.8753,45.9701
380.4317,874.1343,46.9880,46.3187
378.3901,875.9764,47.4332,46.5797
380.0759,872.0733,46.2772,46.7996
378.0350,873.9548,47.6799,46.2344
380.5679,875.8747,46.3479,47.5908
382.0127,876.5743,46.4425,47.2643
383.9287,878.0057,44.5336,48.9832
384.3307,877.1588,44.3331,49.4727
383.4558,876.3186,43.5112,49.5334
387.6549,873.2151,43.6410,50.1843
389.1083,874.4159,44.5982,49.1445
389.9317,871.5975,45.3032,48.2790
392.1710,870.7124,46.5762,47.6535
393.5410,868.7464,47.4789,46.7850
391.8472,868.3724,47.6221,46.4368
393.9236,868.9760,45.4895,48.4640
394.0019,869.5896,43.5990,49.3200
397.7196,873.6027,43.1501,49.9663
405.1139,880.7166,45.0753,47.9523
406.6337,883.0032,48.3943,44.5837
409.3249,887.6601,49.6362,41.3144
410.2881,888.7529,51.7459,38.7440
412.3218,889.7029,52.9545,38.0308
411.4904,890.2785,53.9004,37.4257
410.5690,888.6892,53.8492,37.8884
409.3757,891.4397,53.8117,37.6792
407.9865,893.3229,54.0538,36.7453
408.1451,890.7867,52.6193,36.6630
406.1628,890.1360,52.8748,36.8014
406.8774,888.9609,51.9946,37.2721
402.0073,889.9958,52.4412,36.3602
398.0975,891.0859,53.0034,35.0024
403.3210,895.2781,50.9244,35.6217
399.6683,894.6753,52.3902,34.6040
397.8221,892.9732,53.3681,34.2537
400.0527,894.0906,54.0664,33.7432
399.7682,891.8910,53.4406,34.2666
399.2352,887.9348,53.9677,35.9435
399.9990,891.3934,53.0949,36.0939
395.5164,889.2724,53.0395,35.9950
393.1447,888.2357,51.4829,36.0622
397.7670,891.1262,51.6233,36.1050
395.0450,887.2094,51.9919,37.4010
397.2896,886.9738,52.7714,36.2195
397.9493,888.8563,51.8648,36.9840
394.0949,887.2319,54.7531,35.6337
394.1860,885.5010,56.6005,34.5098
395.5061,888.4884,57.9316,34.1403
398.5702,886.6792,59.0206,34.1621
405.1836,888.9073,61.3606,34.2916
404.8904,887.6516,63.2664,33.6550
410.9640,888.8335,62.1485,34.2273
412.8239,890.4122,62.3653,34.8039
412.0847,885.4044,64.2199,34.0985
416.5694,887.6683,63.2791,34.8979
419.7433,885.2194,63.7002,34.5674
407.2036,882.7690,65.9322,33.9945
406.5160,881.2978,69.3872,32.6327
409.3842,884.3563,73.2005,32.1926
405.7433,879.5197,75.0538,32.8089
404.9466,881.6074,77.2999,34.0967
411.8424,877.7954,75.9209,36.6038
431.4146,874.0216,75.2585,38.1522
448.1277,870.1326,74.8468,38.6367
455.9475,865.7183,72.2985,40.9848
468.6001,861.3414,72.4911,41.8336
489.4903,856.3833,74.1636,42.1692
513.2861,851.9948,75.6622,41.5210
538.6442,846.0204,74.2455,42.7821
550.8970,848.8896,72.7876,42.7592
556.0296,847.1974,68.7552,44.2509
559.4138,850.8776,65.3971,45.3452
560.4074,848.7729,62.4517,45.7887
561.5331,852.3925,60.7552,45.4707
562.0376,851.1166,60.8869,43.6972
563.5683,854.5488,61.1679,42.7343
562.6152,852.8856,61.7274,42.3182
565.4732,841.7795,61.9732,41.9970
566.7523,845.2039,63.3960,41.2575
568.2289,841.5005,64.8533,41.5614
569.8524,842.2249,65.3001,42.2664
582.5892,838.3231,68.5640,41.6664
582.8492,837.2264,68.3136,42.9228
589.7764,842.8096,70.5062,41.5927
595.7859,839.9492,69.4450,43.2069
605.3475,831.8076,68.7438,44.6742
604.5328,837.6402,68.3760,45.0586
603.7323,833.4820,68.1185,46.0982
610.8071,825.3613,65.4279,46.6117
617.6350,826.2493,63.6021,46.8335
623.4890,826.9177,64.4295,46.9607
629.4451,826.2088,65.5060,47.3541
633.2933,824.1112,66.3754,47.3955
634.4501,818.6902,64.8093,48.4991
645.7126,815.2420,64.2942,48.8070
660.0883,813.9576,64.3527,48.7775
666.4092,810.3989,64.6175,48.7195
664.6887,809.8029,64.2189,49.2120
673.7007,806.2858,64.1516,49.2660
683.2993,798.7244,64.5545,48.6378
690.1865,794.7379,65.4693,47.5132
691.2379,788.6033,63.9379,48.5046
699.3170,778.9754,65.7147,48.4974
702.9350,756.7260,64.6651,49.9137
713.4015,744.0023,63.4681,51.2850
725.9039,725.8525,60.7856,53.5051
744.0093,708.0883,58.7415,55.3351
756.1111,688.9249,58.2455,55.3021
769.6996,670.3887,58.1161,53.9794
768.1934,665.7992,59.2693,53.3368
773.3113,665.3926,59.5871,53.5622
775.3477,668.6000,62.0526,52.3128
772.5076,670.1511,63.6058,51.2150
771.8350,671.9305,65.9081,49.7995
773.1107,671.5357,65.7281,50.5335
773.6819,671.3952,64.4634,51.2452
772.2160,674.0515,65.7838,49.9053
775.3685,683.1967,63.3775,50.8064
776.3842,685.5795,59.6797,52.2722
778.3890,687.8694,56.1854,54.6410
781.2032,691.7162,54.1114,55.5192
777.7231,694.9725,53.3520,52.8219
778.0064,704.2959,50.7544,54.3491
778.0151,708.4515,48.7137,54.4900
776.2856,711.9904,47.5033,56.5040
775.2620,710.8324,45.9749,56.1659
776.0654,712.4285,48.0542,54.0317
769.7051,711.2985,44.5882,54.2447
767.6281,716.3363,40.9582,58.4745
763.7896,716.4963,38.0673,60.2826
759.5268,717.6950,36.5167,60.5461
750.7508,721.3928,36.0074,62.2935
739.2713,722.6227,38.4571,61.5166
722.1601,729.3675,44.0675,56.4376
704.7338,742.1119,48.7199,52.8019
685.7160,750.3741,49.5422,50.5859
678.5457,754.3420,51.7320,47.4557
678.5321,756.5181,53.0591,44.9137
677.8084,756.9303,53.5499,43.2734
679.4429,749.1268,52.2719,43.5386
679.7443,750.1011,52.0541,43.2760
678.1362,749.7404,51.1993,43.4653
679.1251,750.7143,51.6294,42.5055
673.4573,748.8929,54.1081,40.4001
675.2050,755.9825,54.1998,40.0720
676.7629,756.0443,52.9421,40.1260
678.3845,758.3593,50.7000,40.7988
676.0154,759.3702,47.0450,42.5617
675.7576,759.8905,46.0612,42.5307
673.0658,761.2025,45.8471,42.3950
675.6123,762.3557,45.8038,41.7472
676.0013,762.7100,46.5209,40.9235
673.2525,758.8809,48.4586,38.9375
669.9003,759.2394,50.3373,37.5830
668.8878,754.8174,50.5476,36.8539
677.2747,754.0571,49.1652,37.3258
669.4326,755.3798,48.6340,37.0119
666.5963,751.1898,50.4772,34.9286
663.5585,738.7986,46.7725,38.4462
667.9135,727.5779,43.7478,40.2948
663.8212,721.7057,41.7998,42.7095
667.9410,712.4980,40.1212,45.1157
659.9988,693.5029,38.2584,46.5787
654.5760,688.7149,39.2620,44.9300
649.7024,681.6778,41.2273,42.8606
636.5207,678.2577,44.2527,39.7192
625.7852,667.6175,45.2181,37.7944
609.0723,652.9595,45.8914,36.4082
585.9081,643.5989,46.2338,35.9713
549.1440,635.6183,47.1755,35.4337
511.4965,633.1862,47.9056,34.8590
493.1315,635.2684,45.6170,35.5732
478.6290,637.5256,44.4090,36.3451
443.3563,645.7628,47.1938,34.4441
412.1341,657.2355,46.9845,34.5813
385.7876,664.6082,46.8947,34.2727
361.4116,677.2227,48.7597,33.2503
344.0113,689.7725,44.3813,37.6440
329.5248,714.0545,42.7467,40.6683
318.4731,740.1503,38.3296,43.9819
313.1684,758.0295,36.6550,46.3726
312.0660,786.8605,35.4738,48.1609
313.8898,800.6774,33.0111,51.6685
314.3610,806.7873,32.6011,52.1955
319.0912,808.9011,35.0615,49.5457
331.9701,809.7029,36.8138,49.3776
339.7598,810.0961,38.0177,49.4101
350.3540,814.0012,38.6363,46.6285
370.3910,825.9236,40.0928,44.6159
390.6846,830.3559,42.2093,41.8343
398.2800,835.6096,44.5445,39.9384
413.1158,840.4787,42.9439,41.4626
429.6009,849.1068,41.6702,40.6996
432.2715,852.7076,40.2401,41.9139
434.3862,852.0132,39.0510,43.3700
433.4824,850.8868,37.7906,44.7226
431.7178,853.0983,36.2080,45.7497
426.8580,849.5959,33.1495,50.1989
414.8495,842.6858,37.1707,48.4738
401.7773,842.3986,41.1540,45.1409
382.1946,841.2490,44.6851,42.4328
357.7897,838.5308,51.4514,38.2527
342.8913,829.4855,52.3941,38.3920
314.7206,819.3007,54.5422,37.4280
297.9612,805.8287,53.9347,38.2162
268.5236,785.4125,56.1580,39.0758
240.4240,756.7772,52.8436,43.0573
214.7838,735.1526,55.0180,42.5222
194.0725,709.0425,55.3839,43.4289
174.0183,681.6948,51.5287,47.9891
162.5152,674.8395,55.5081,44.7548
149.0114,668.1948,56.6194,42.9263
144.1143,662.3196,55.4546,43.9430
143.0437,664.0091,56.5846,42.4556
146.1098,669.5564,56.8571,42.6169
146.9417,671.2621,56.9452,41.0272
147.2338,667.6636,56.7875,40.0036
148.7736,668.2861,55.8685,39.9745
147.2989,664.4785,56.1249,39.0754
145.9413,665.8267,56.3615,38.1331
139.7862,662.7772,57.2123,37.3756
138.2973,657.7164,54.5872,39.3998
136.9314,651.6708,53.4546,40.7666
137.1209,636.7981,50.1955,45.5180
132.6600,626.6967,49.2728,47.7620
133.6822,611.5976,47.4031,51.8110
128.5781,600.0599,47.9043,52.5492
118.7243,581.2555,49.1547,52.3248
115.0685,556.8434,47.0401,55.5781
114.4556,547.6668,46.6270,56.7352
120.9965,533.9637,45.4381,58.9394
125.1312,515.1575,44.3397,59.3653
123.7193,490.0692,44.4585,59.1403
130.6984,460.0264,41.7251,61.1099
141.1290,430.1286,41.0189,60.7969
146.8343,398.9933,40.5955,59.6162
155.8789,375.7566,42.8157,58.3765
166.1627,358.3657,43.4175,57.7450
178.2289,353.2469,46.6904,55.1336
192.4471,348.6797,46.1229,56.7398
191.5385,347.4128,47.3858,59.0197
192.1969,343.5115,48.0248,60.3437
188.8720,345.7837,48.8787,61.9411
185.7341,346.2670,48.9832,63.0304
191.1912,341.6119,48.8949,62.7432
201.8843,322.9503,47.8271,62.0986
203.8865,318.3860,44.3891,62.0066
206.0545,319.0407,41.3197,61.7892
207.5512,314.6602,39.2228,62.4580
207.9300,316.3913,38.2353,62.2202
208.0866,317.7577,38.0994,61.6592
207.6737,316.2064,37.8724,60.2313
205.1895,320.6832,41.7034,56.8153
205.1524,319.1877,44.0583,55.1409
203.6797,318.0872,45.8304,53.9005
203.2518,318.4637,46.3818,54.6028
205.7266,322.9444,46.6160,53.7879
208.3301,324.0064,49.5280,51.9786
214.8478,328.2840,52.4630,48.8622
224.3654,330.0925,56.2038,46.1603
228.2439,326.6584,57.2936,45.2391
234.4828,322.4882,52.8045,48.7103
241.2590,309.2766,47.2667,53.8655
249.9610,299.9734,43.0037,56.0986
255.0566,298.1837,39.8562,56.7483
256.5003,296.0660,38.6375,57.3300
265.9387,291.2509,39.4420,57.4276
275.5453,281.0038,43.0689,54.7896
283.6421,275.2893,43.4047,54.9212
287.8681,269.8871,40.7421,56.7668
287.3685,265.7387,39.2001,56.1623
286.4762,253.5434,38.3990,56.8505
284.0093,244.0950,39.3393,54.6589
284.0164,237.2919,38.7209,56.4432
283.9973,229.0895,38.4877,54.9894
287.8019,227.2214,39.0431,53.6402
287.5941,228.6996,39.5962,52.8445
288.1444,229.6682,39.7923,51.8631
288.1540,231.6620,40.0221,50.3658
291.6511,232.0753,40.2043,50.8983
288.9155,230.8549,39.1929,51.4928
296.2378,230.1320,37.9438,52.6406
295.1345,229.6526,37.3932,53.8405
296.0426,229.6104,36.8155,54.6906
291.8958,231.2668,38.2847,52.7212
289.7332,231.6935,39.0341,51.0789
291.4466,233.1657,39.8331,49.4338
291.2194,233.9970,40.7447,48.2139
286.8466,233.9197,41.8486,47.4180
287.6499,235.0303,42.4655,46.1930
287.3766,236.0439,43.3816,44.9277
286.2022,236.2081,44.4327,44.4384
285.3640,237.0857,44.6953,44.2274
283.2481,238.7941,45.0826,43.8451
277.7610,231.0433,43.4751,44.3647
277.3313,228.9093,42.6328,45.7672
272.7618,225.0748,42.5951,45.5607
272.0156,225.8031,43.1418,45.5045
270.6219,226.3728,44.3570,44.8682
267.0833,226.0435,45.2134,44.2646
263.1355,226.9108,46.1838,43.0526
259.3980,230.4256,48.0315,40.8923
268.4713,231.6578,47.6192,39.5538
264.5757,233.9001,48.1354,37.4984
265.3474,237.3174,47.9615,36.8658
260.7375,239.9923,48.9870,36.0721
261.2429,247.7572,48.6082,37.2073
254.2596,250.8822,48.8449,37.1211
236.6136,258.8768,49.5293,35.5003
225.2395,271.7301,49.3964,35.2356
204.4405,289.0676,48.1033,37.0390
186.5042,308.3244,46.4237,39.2401
179.0679,319.6402,44.9714,42.5819
173.5825,325.9247,45.6320,43.5783
171.2529,324.7312,48.4237,42.4471
174.6544,318.2125,48.4816,40.7422
181.7107,310.4436,44.5200,44.0138
187.4503,303.3794,40.1711,49.4426
197.2107,293.3326,36.9454,51.5980
206.3314,286.2369,38.8984,49.8206
222.0451,275.9225,41.5412,49.5601
244.7195,254.1528,44.4049,48.9244
262.8057,239.8789,45.8776,49.2614
291.3685,218.3877,47.7511,48.6930
322.9001,210.5801,51.5552,46.3574
360.7395,200.5289,56.6202,43.8203
391.9666,198.6291,61.6079,40.6430
412.6783,201.4433,63.8262,40.1792
449.0492,216.0455,59.7786,41.9609
479.8731,242.5923,53.5581,45.5999
488.2376,251.1469,49.1949,47.3871
497.3559,257.7062,49.6082,46.3479
510.8451,260.8621,55.9905,41.2038
531.9456,258.1421,59.1331,39.8210
566.9495,250.2788,59.4725,40.3922
602.6603,216.7765,57.0332,43.0554
611.5506,212.6092,55.4902,45.4931
614.5291,209.7140,54.1450,46.9416
613.3571,208.2599,51.6613,49.9683
611.6609,207.4698,49.0775,53.3340
610.4583,208.0227,46.8243,53.2497
610.1564,203.8544,43.2236,55.2140
606.6555,206.1171,41.5942,56.3985
602.8583,202.2964,39.4635,59.1195
593.1917,199.8588,39.3150,59.3037
582.3962,194.7010,41.0236,56.2701
566.6763,189.0130,43.6809,54.1398
540.1218,178.2640,44.6693,52.3916
515.7863,168.0554,44.2397,54.5437
490.7299,163.2513,48.6596,50.8325
477.8793,162.3252,51.6921,47.8267
479.8086,164.5777,49.8539,49.3947
494.0198,163.3466,45.3172,54.7687
505.9461,169.5728,41.8263,56.8886
514.5897,170.7081,40.9524,58.1944
523.9739,180.0658,46.8412,54.6105
541.4459,189.0361,53.7236,50.5592
561.1420,199.4163,59.6412,45.8112
597.9407,214.5800,62.5581,44.5330
635.2419,224.1082,65.8260,42.7455
656.1137,235.7144,64.7149,42.0755
670.8181,255.1844,57.6905,47.0234
692.8683,285.5220,50.1293,53.6035
712.4536,310.3965,49.9916,51.4631
733.9713,316.9341,55.7975,46.6140
752.4919,335.7797,58.1181,44.2672
764.4810,348.6943,55.1875,45.2276
779.1771,372.2209,48.9192,50.8055
780.7880,395.3406,43.1129,55.8465
775.6049,426.1359,38.4236,59.9444
768.6611,468.4037,37.5543,60.1671
761.7628,516.1504,35.3911,62.1221
754.8945,546.5104,35.2048,61.5207
751.8300,582.9838,35.2060,60.5035
739.3075,608.6759,38.2854,59.0767
712.1246,620.8315,44.9900,51.1206
690.0057,625.9289,52.0773,44.8529
661.2563,623.3507,58.0769,41.0912
638.9496,617.8926,57.7362,42.3942
619.8606,594.4841,55.3614,45.4019
605.5917,560.3317,48.5571,52.1106
589.4602,516.6746,45.8995,54.7241
577.9465,479.9283,47.2369,52.8557
560.4706,436.1202,47.9284,51.3062
551.5879,391.2943,46.6125,51.1395
550.2253,369.3878,44.1852,53.7112
547.5857,360.2604,43.9333,54.1149
531.6611,330.0520,42.8687,54.1999
512.3925,293.4903,44.4511,51.4644
501.8902,276.8557,44.8512,49.7737
493.6626,262.2048,46.1810,50.1047
488.4132,225.4536,44.9043,52.4946
494.5747,183.8189,43.5806,54.1913
506.0002,165.9209,40.3578,57.1950
508.2152,164.4304,37.5987,59.3645
505.0324,168.0965,36.8498,59.4841
492.2908,173.7987,39.3869,57.7031
483.1053,180.3699,44.2163,53.7509
466.0439,178.6768,49.7709,49.9090
450.1611,182.0522,51.8432,48.9237
417.9473,181.1382,57.9294,44.8295
394.3837,183.7893,57.9534,44.0436
362.0221,193.9274,61.3473,41.6122
332.8813,215.6263,60.6049,43.5100
307.8064,226.7796,58.0346,44.4680
274.6854,230.4795,62.7434,41.8990
256.0249,238.4471,65.7567,40.8180
250.9237,254.7438,60.5527,45.1510
234.4609,285.8576,55.5010,51.6096
218.4519,326.8965,50.5239,57.2509
206.8065,373.9594,44.9859,62.5243
214.9258,428.9194,39.8845,66.5418
231.2482,487.3278,37.6933,65.1072
250.5527,531.6857,36.6372,63.9561
251.4776,555.4819,34.9140,65.3206
249.2319,573.1661,34.9494,65.1131
239.4351,583.3333,36.2862,63.1816
227.0065,598.3566,37.5505,59.0977
200.8887,619.0824,41.4843,55.2723
165.5852,638.1580,46.9310,49.9062
151.7451,639.4161,49.4768,48.1243
158.1566,640.6243,48.3633,51.9771
161.8699,641.4840,48.5425,53.6378
155.9640,643.0462,48.5857,52.7294
153.4345,643.5217,47.4224,53.3215
155.1043,641.9537,45.3683,56.2428
157.2203,646.2455,43.5488,60.3825
158.6962,648.0941,42.5607,61.9572
161.7471,651.4174,41.0022,62.4556
163.9145,656.8405,38.8699,64.6488
169.2245,663.6418,37.1235,65.3935
178.5665,676.4689,35.0933,65.9907
189.4253,694.0845,35.8152,63.4241
203.5122,709.9618,38.3196,56.6883
223.2384,732.4984,37.7607,55.9248
231.5129,747.3952,36.0845,54.5982
237.1416,753.0702,38.1098,52.6385
245.8499,760.3277,38.2644,50.6263
260.3230,767.2682,42.1797,45.6753
277.3779,764.9861,50.1912,40.6649
304.8972,756.5459,56.6312,38.1533
345.7465,747.3192,59.1226,36.3632
377.6445,742.7377,60.1424,37.7625
408.0109,745.3889,62.4278,36.9329
427.3276,747.6691,63.4184,38.1372
444.3896,754.7664,62.9408,38.6423
471.4518,772.4586,57.2361,41.5017
487.4642,791.2222,49.9549,45.5927
501.2693,813.1512,44.5261,49.7968
510.9093,833.5151,40.2541,50.8428
515.1569,837.6952,41.2825,49.4992
524.8859,836.1981,47.2612,45.9269
527.1630,836.4304,52.0150,42.5788
525.2484,836.7634,54.4921,41.2288
525.7579,836.6440,55.8613,40.5890
530.5355,836.9058,59.8013,37.7648
534.5681,838.1398,62.0047,36.5125
531.1663,835.6779,63.4582,35.9658
531.2383,838.0138,63.5893,36.2219
532.7414,839.6830,64.2960,35.9458
533.8313,827.7418,61.0807,39.2021
535.3170,828.2203,59.2724,40.9146
535.9511,828.9584,57.5313,41.7685
542.0934,819.0709,57.3906,42.2229
541.1602,819.0041,57.0336,43.2538
541.4338,816.3694,56.3217,44.9820
546.9509,808.7263,53.7382,47.2008
546.8188,809.0828,51.5211,49.0525
552.8192,803.9687,51.8881,48.6028
554.0737,801.1620,52.0312,48.5544
551.9251,799.7422,52.9155,47.6293
553.1923,801.8698,53.4905,47.4404
562.4310,803.4822,53.9269,47.1687
572.0746,801.2861,55.2503,45.3620
576.4716,801.2726,53.8428,45.7178
576.6277,799.6015,54.4764,44.6560
583.6080,794.4657,54.7831,44.4690
584.9758,795.2019,56.5461,43.3181
587.8459,796.0463,57.6849,42.9774
592.5665,797.6021,59.0926,41.9571
595.6246,794.9438,61.1199,40.7093
603.7929,800.1726,61.1010,41.8134
605.6886,794.3406,61.0689,42.3678
607.5709,795.0244,60.8875,43.3226
612.1321,787.9211,59.9907,41.7474
615.2172,787.3301,59.0134,40.7869
615.2573,786.0367,59.3339,39.5093
614.6204,784.5440,59.7089,37.2759
615.5466,789.2905,59.2642,37.8642
615.4177,786.7652,59.2112,37.1265
614.2341,785.1317,59.1325,36.1765
617.5640,787.1657,58.7260,34.9576
618.4502,785.2817,58.2598,34.9168
621.5142,786.6489,56.7094,34.2167
620.9666,784.7800,55.0140,33.5281
624.7721,786.4379,53.7701,33.0406
624.8301,787.8834,53.0238,33.1540
629.0994,788.8683,52.5771,33.3147
633.3328,788.5742,50.7701,34.4463
631.4349,789.8107,50.7819,34.1409
630.9406,790.5420,50.0750,34.6914
630.7554,787.3879,50.8835,33.4452
635.8281,788.1344,53.6282,32.8060
640.1669,787.2925,54.2042,32.7055
648.5237,782.7613,54.2561,32.3084
665.5701,773.9415,53.5627,32.2027
679.6157,764.6429,51.2519,36.1164
695.8069,746.6504,49.1380,39.6744
701.7659,731.9103,45.9524,42.8302
708.0031,721.2240,43.2798,45.7093
707.8624,721.9504,42.9168,44.5506
709.3350,721.0227,42.8352,44.5484
708.7128,721.3298,42.0560,46.5561
708.9688,718.9623,39.8041,46.8764
708.9585,716.3917,36.7733,47.1232
709.3253,716.1818,36.0171,46.5794
710.2791,714.6123,34.8423,46.9847
