1
334.0901,39.3697,40.9970,41.0003
333.8043,25.2800,40.7113,41.6553
335.6950,21.2542,39.7692,42.7505
336.9051,14.3380,39.3112,43.4571
341.0034,13.2053,39.1096,43.6194
346.6990,15.4594,38.2513,43.3775
354.8593,28.9484,38.3502,43.1173
358.5356,31.6403,37.9967,43.4372
360.8362,41.3426,36.6950,43.1567
346.5821,51.5987,36.8804,42.7933
363.8242,57.5220,36.9965,42.6995
368.6287,60.3633,36.8184,42.7698
365.6190,56.3081,36.5465,43.0399
356.8428,50.3755,36.7643,42.8534
346.2027,43.8658,36.0334,43.2471
340.4825,33.1708,35.9662,43.5223
335.0144,30.4037,36.8229,43.7767
326.9197,26.1254,37.5453,43.2535
321.5775,24.6180,37.9175,43.7591
324.3925,19.1173,37.9322,43.6842
325.2509,20.1112,37.4609,43.2625
329.4633,28.9630,37.1031,43.1023
328.4632,29.2833,37.1716,43.0031
329.6103,29.0287,36.8659,42.6467
334.1820,32.9808,36.3996,42.9970
339.2331,34.5432,36.2060,43.9689
344.6750,31.5370,36.4759,43.5576
338.5107,28.3694,36.9038,43.7674
339.0553,20.5353,37.4360,43.7481
348.7072,23.6290,37.9891,43.9261
356.8994,22.5678,38.3314,43.7520
369.1737,32.4378,38.5857,44.1006
378.8427,44.2081,38.1037,44.8496
394.7805,65.3528,37.1742,45.6818
396.8623,78.1428,36.6441,44.9216
2
0
0
0
0
1
387.6342,111.3104,49.7397,46.7321
384.6047,96.0128,49.3324,47.2273
376.0784,81.2485,48.6319,47.5228
364.1102,50.4236,48.0389,48.4057
349.4043,28.8475,47.6844,49.4810
333.7269,13.6384,47.8389,49.6984
316.5281,9.9245,47.8294,49.6689
306.6237,6.7581,47.8890,49.6981
299.5311,14.9326,47.3819,49.8455
300.9440,21.4872,47.3193,49.7400
303.2677,25.1450,47.5552,50.0472
307.1962,25.8857,47.3559,49.8526
313.9431,29.4822,47.3814,50.1629
308.5123,22.3361,47.7317,51.2159
306.7704,17.5337,48.2282,51.2266
302.3292,13.5283,48.3391,51.7619
296.9523,11.8641,48.9515,52.6273
293.8915,7.2221,48.9968,53.2239
293.7347,8.0739,49.6367,53.1574
299.2291,8.7858,50.5742,52.7870
310.7775,7.1389,51.1083,53.6809
323.2798,6.6016,51.8327,54.6027
333.3670,0.9932,51.7316,54.7437
328.8695,2.7381,52.3729,55.3662
324.9263,4.9681,52.5087,56.1951
327.8934,7.6967,52.4877,56.7207
370.3537,70.4595,51.5723,56.1114
326.4879,53.2437,52.7242,55.0303
2
0
0
0
0
1
281.9396,65.1346,77.1038,93.6199
298.4189,104.1686,75.6038,93.3451
313.9159,143.1053,75.7270,92.7973
332.6809,158.9162,77.1673,94.5018
326.9151,181.3428,75.2587,91.7834
326.8474,170.3338,74.9435,92.8644
319.3099,169.7310,72.7302,90.4513
305.2033,158.0918,73.3524,89.7400
294.2646,146.2209,73.4984,89.0121
273.0147,125.8405,73.2013,88.6611
255.5487,104.6684,73.0326,88.6866
246.4556,84.3263,72.4516,89.7188
231.1708,55.9101,73.2253,90.1432
224.9365,40.0378,72.8669,91.1674
216.3341,21.8422,74.1455,92.8856
195.6408,8.6626,74.6123,92.7396
166.0170,28.4339,75.2781,93.0600
160.3929,13.0234,76.3111,94.0972
158.7686,21.5478,77.4194,94.6699
146.1092,33.7919,77.7485,96.8847
137.7896,29.9581,78.5200,97.8161
172.9788,36.8483,79.6003,99.6299
150.5223,46.5869,80.6423,100.3651
158.6986,32.6128,80.0158,100.6419
