1
295.8070,150.1131,44.2532,149.9713
293.1196,148.9529,45.3527,149.5802
295.9355,147.1460,46.5227,149.6768
295.1764,146.4640,47.4986,148.9155
295.9839,146.4404,48.5561,148.4934
296.2137,148.9767,49.3211,148.5659
295.6475,150.5244,49.6517,148.9150
295.6402,151.8459,49.5619,149.0380
295.1410,151.7282,49.5840,148.5590
293.8777,150.7649,49.6635,148.7860
292.5956,151.6742,49.6764,148.7627
290.7401,150.4733,49.7304,148.9727
288.1554,145.8866,49.5582,148.8406
286.4557,150.4879,49.2993,147.8932
283.2141,152.2310,49.4053,147.3648
282.4580,150.1969,49.5099,147.1136
279.4296,151.2067,49.4150,147.0531
277.9632,149.5859,49.6199,146.5482
276.3836,154.7456,49.4973,145.9366
273.4794,150.1811,49.8145,146.9689
272.8293,153.9255,49.8436,147.4597
272.1740,152.5187,49.8891,147.1435
271.3529,155.7104,50.1004,147.1683
270.2646,158.0264,50.6251,146.6402
269.9298,161.0018,51.2959,146.0266
267.9749,161.8662,51.7008,144.9682
268.0933,162.8639,51.8303,144.2289
266.9463,162.3878,51.9893,143.7550
266.9178,161.3092,52.2575,143.6225
263.2974,158.7670,51.9098,142.6952
261.1848,162.8820,51.7968,142.8096
259.4683,162.9190,51.8603,142.2019
263.2817,162.9219,51.5906,141.5889
263.4485,166.3977,51.8024,142.0022
257.5741,166.3456,51.7569,142.0053
259.0860,165.0731,51.5604,141.2750
255.4836,166.0596,51.4329,140.6972
260.0623,167.5878,51.4943,140.7988
251.8643,170.3664,51.1618,140.1677
249.1329,170.0230,50.7999,139.0236
249.8014,165.2307,50.5728,138.3581
246.3578,173.5747,50.4791,138.1060
251.3040,170.6352,49.9457,137.4469
247.7249,171.6605,50.1994,137.4918
248.3862,174.0859,50.2852,137.9412
248.3444,173.3730,50.1721,137.8082
247.7519,171.8333,49.9684,137.9847
250.0347,171.3168,49.9701,138.2520
256.3741,160.8609,49.6074,137.5254
253.0717,159.1443,49.3302,137.9024
248.3683,168.9619,49.1079,137.8909
245.0799,163.5251,49.6347,138.8350
248.1071,164.5131,49.8234,138.7645
243.3218,164.0315,50.6435,138.9783
246.7069,156.8353,50.6604,139.5797
242.8223,161.5096,50.4132,140.5393
246.2769,153.2297,50.6474,141.7976
249.3731,148.2607,51.2046,143.4753
231.5822,147.4894,52.4546,144.9725
237.8141,145.8966,52.9956,147.2042
241.8661,144.2524,53.4836,148.4930
244.6817,141.6989,54.1943,149.8494
245.6578,141.1287,54.2255,149.4610
246.2487,143.4115,53.9506,148.5295
241.1179,145.6133,53.7596,147.9574
244.0439,148.2111,53.5684,147.1972
244.0493,145.0528,53.9939,146.5681
246.5819,145.0012,53.8274,146.1962
247.8405,147.6884,54.2062,147.1090
248.1537,143.9391,54.6552,148.3701
249.3220,139.2636,54.2704,147.0512
239.1285,146.3019,54.6328,145.3125
240.8302,149.7323,54.8822,143.4731
241.3839,146.6430,55.2652,142.4877
242.0382,146.0336,55.2481,142.4242
240.2329,147.1571,55.4280,142.5862
243.4970,143.2295,55.7078,142.5030
243.8944,143.7015,55.5754,142.0214
244.6976,142.6009,55.6559,141.7384
242.2458,146.4455,55.5580,141.0002
242.9520,144.9345,55.9875,140.5229
243.1298,145.0970,55.7796,139.9460
242.5941,142.3899,56.3886,139.7078
244.3177,146.8580,56.8816,140.0351
237.9173,150.3415,57.7153,139.4536
240.0372,147.8188,58.0904,138.9280
240.4192,149.0924,58.4100,139.0022
240.8688,141.9078,59.0194,138.0881
242.4216,146.7048,59.1881,137.1485
244.5227,143.7178,58.9100,137.2914
246.3587,138.8419,58.9741,137.4240
248.1925,141.8683,58.6419,137.5062
248.4988,138.2654,58.8201,137.1525
249.5140,138.9110,58.9855,137.0627
248.2764,136.8096,59.1379,137.6481
250.5450,147.3239,59.5111,138.4259
252.7960,141.3775,59.8415,139.5045
255.5730,139.0707,59.6516,139.6499
254.4595,137.2458,59.8297,139.5490
257.5258,137.4722,59.4050,138.9878
261.0517,140.0739,58.5060,139.6755
262.8232,137.6155,57.2088,139.1333
270.3925,141.6324,55.4188,139.1036
276.2206,146.1798,53.7898,138.4389
271.6057,161.2785,52.4213,138.2761
2
0
0
0
0
1
277.6223,171.7883,45.9581,150.3110
280.1049,172.9411,47.8797,145.3402
285.0063,175.7047,49.9012,140.6521
288.2202,176.3191,51.5561,137.3143
297.3405,172.3466,53.6226,134.1748
2
0
0
0
0
1
280.4022,147.8669,43.4494,102.1741
278.6659,149.0840,43.8667,102.8624
282.9360,153.0238,43.8647,102.8814
283.7136,154.3292,44.0978,103.3159
284.3473,157.4147,44.1688,103.0783
282.3708,152.4580,44.1476,103.4260
280.7354,150.9138,44.4483,103.4472
280.7256,152.6122,44.6956,103.9880
280.0151,150.4834,45.1433,103.8342
277.3533,153.8010,45.6918,104.7865
276.5086,153.0301,46.2036,105.7954
272.5336,153.6306,47.0091,107.6649
272.5142,151.7016,47.6708,109.3593
271.4979,152.1172,48.2316,110.5913
271.9246,150.9124,48.3920,111.2684
271.4164,152.4381,48.7588,112.3100
272.8509,147.9587,49.1408,112.8237
272.7963,154.6341,49.2113,112.3944
271.9407,151.7592,49.3607,111.9873
270.5248,148.6427,49.6822,112.7843
270.6555,146.5094,49.6805,112.4261
271.4142,145.2268,49.4975,111.9244
271.0392,148.0621,48.9613,111.9568
272.6093,148.1261,48.7578,111.5494
274.5322,147.0975,48.5449,111.5581
273.8558,149.4525,48.4683,112.1380
275.5961,151.0018,48.4012,111.9239
277.1124,150.9903,48.2416,111.7512
275.7177,148.7081,48.3558,111.7029
278.4109,156.7806,48.1361,111.2487
279.3271,158.3224,48.0675,111.5244
281.1727,156.4451,47.9273,111.9762
282.7878,156.5612,47.7854,111.6595
283.2451,157.3936,47.6001,111.4431
281.1330,157.4216,47.8686,111.0478
279.6756,158.7874,47.4906,111.5658
277.9608,154.2907,47.6114,111.7136
277.6610,157.4429,47.6535,111.8698
277.0122,157.6398,47.2546,110.8518
276.3100,156.9698,47.5176,110.9367
274.8752,158.0550,47.5875,111.0620
276.1106,160.6814,47.7895,111.0915
275.5348,169.1045,48.1847,111.9904
276.0451,166.1464,48.7944,112.1908
277.2430,169.8724,49.4065,111.6476
271.9186,171.2841,49.6621,112.3484
276.7379,173.7234,50.1314,112.2141
279.6223,174.6230,50.0556,111.9384
282.2664,178.0471,50.1615,111.6434
284.7600,176.7990,50.6943,112.9305
282.2600,168.6447,50.5443,112.0818
284.0061,180.6331,50.8019,112.7545
281.6378,168.4292,50.3955,113.2268
286.2585,166.1883,50.7641,113.5449
286.7130,174.0939,50.7785,113.9589
286.0946,156.8581,50.2928,113.0697
288.3433,162.4759,50.0757,112.4626
289.1661,160.9118,50.0200,111.4245
290.8773,162.1065,49.5006,110.7935
292.6702,170.3174,49.2917,110.1157
292.7227,170.6565,49.0273,109.1135
295.3067,165.5419,48.5511,109.0824
295.0410,161.8284,48.0229,108.8462
295.9062,165.6222,47.8360,108.1417
295.4460,169.0354,46.9851,108.9545
296.6566,166.9131,47.0041,109.0544
298.9367,170.9602,46.8484,109.3248
299.3703,171.2844,46.5482,109.3473
295.2786,171.6858,46.7062,108.1960
297.0063,168.9072,47.3085,107.7023
291.8569,165.8799,47.2251,108.5082
297.2815,173.3119,47.7035,109.5156
293.9028,169.1125,48.1326,109.6511
290.7277,169.1428,48.1554,109.9127
291.8275,170.8303,48.0834,110.7511
293.5773,170.5322,48.8592,111.7432
293.4780,169.0345,49.5940,111.7050
291.1764,167.4478,49.1776,112.8864
293.8534,170.3712,49.5750,112.9027
296.1640,168.1820,50.3225,113.4785
296.3887,166.6475,50.6925,112.8825
299.6563,165.8564,50.2133,113.6239
303.1163,160.3503,50.4585,114.0505
306.3019,160.6490,51.2381,113.8780
308.5838,159.5785,50.9759,115.5045
308.6398,158.9993,50.5225,118.1700
309.6155,159.5313,49.4599,119.2255
308.7964,155.2769,49.1824,120.3766
302.5909,153.6327,49.4020,120.6732
301.6376,156.1513,50.0177,122.5181
324.6029,162.8397,50.7073,123.9052
322.2162,163.6255,51.1669,125.6782
318.3620,163.2607,51.5430,125.0645
314.9590,164.5427,52.3661,124.5322
303.9153,160.8058,52.6082,125.0229
304.4439,161.3410,53.4655,125.3078
304.1530,163.7488,54.5637,124.4154
313.2492,173.1057,55.7529,122.7440
260.1429,150.8506,56.7784,125.4605
251.8419,149.0567,57.1494,127.2061
249.4533,157.9584,56.8881,127.4959
2
0
0
0
0
1
312.1178,178.3472,57.8691,137.1602
316.6408,176.9373,57.5355,136.8118
319.5100,177.4009,57.5566,136.9412
319.8672,176.9344,57.4212,136.5396
321.2750,176.6518,57.2934,136.5444
324.1026,177.4069,57.1352,136.8154
325.7363,175.7653,57.0801,137.3173
327.9112,176.2838,56.9331,137.1161
330.6977,177.9210,57.0683,137.8212
331.2916,175.7132,57.0431,137.4421
335.0555,178.8157,56.9268,137.0145
335.2537,176.2611,56.9982,136.7994
338.0060,179.0450,56.8316,137.1242
341.4724,183.5317,56.6386,137.0231
342.2296,179.4795,56.7127,136.7753
343.2192,181.6427,56.4945,136.3994
344.3672,185.0197,56.6423,136.3118
344.1313,179.4998,56.3736,136.0480
344.6104,174.8653,56.5704,136.5844
344.7711,169.3305,56.9049,137.8134
346.0186,177.1309,56.6970,138.2065
347.6746,170.3945,56.7684,138.8653
348.2111,174.5553,57.2562,140.6852
352.8502,171.9602,57.9840,143.0955
353.3719,171.7936,58.5810,143.6318
356.2181,177.4357,59.3448,145.1671
360.8074,174.4296,60.1501,147.1598
362.3762,177.5837,60.9958,148.7901
365.6543,176.3997,61.4022,149.9685
368.7466,175.0376,62.2159,151.1638
372.0403,174.1759,62.2871,151.8056
375.4667,174.1883,62.3033,151.9391
379.3444,173.6323,62.4426,153.3325
383.2560,179.0303,62.5945,153.5263
384.9774,182.9512,62.4896,153.4900
385.9958,178.6843,62.2118,152.8065
389.8241,177.4034,62.2592,153.4406
387.4947,170.8191,62.5302,154.1213
385.8710,170.6933,62.6704,154.4390
391.6931,175.3356,62.6014,154.4282
393.0442,170.7853,62.4523,154.1553
392.9687,169.5044,62.5563,154.1821
394.8937,173.2225,63.0781,154.1235
393.8450,171.0375,64.5172,153.7332
396.0001,174.0923,66.5473,153.0489
396.6272,176.8123,68.0947,152.7939
399.4171,176.1565,69.7682,153.2170
401.7546,175.6603,71.3439,151.4551
405.2695,179.5741,72.0616,151.3983
409.0793,173.9154,71.9889,150.9671
410.3561,174.5154,72.0776,150.7387
414.7951,171.3690,72.1433,151.0421
416.8609,176.0219,72.3403,152.0650
421.0114,177.3710,72.4491,152.6868
420.1543,172.2326,72.7449,154.0569
431.2283,172.4326,73.4710,155.2402
430.2569,165.8394,73.2451,155.4167
429.6882,167.5654,72.6995,155.9768
430.4427,161.1760,72.1906,156.0041
430.0700,181.0292,71.8142,156.6310
429.8875,187.0891,71.6770,155.6594
426.9235,182.5853,71.2095,157.1029
428.7476,178.1427,71.0452,158.5272
430.1731,183.3336,71.1167,159.1356
428.8568,172.9293,70.9589,159.3333
426.8144,173.3956,71.3088,159.8782
418.7848,179.9729,71.5865,159.9485
416.0739,181.4195,72.1238,160.7065
416.0671,178.1443,72.2077,161.1723
410.6487,179.7493,72.2849,161.0821
407.7044,178.5214,72.6440,161.4261
405.2029,174.2342,72.6066,162.1107
402.3922,184.2124,71.8827,161.7094
399.6222,180.0959,70.9995,162.6690
399.3585,178.0567,70.2905,163.3313
399.3704,168.8399,69.8185,163.2770
399.1388,165.8670,69.1882,162.2783
396.9422,173.7621,69.2440,161.6348
396.1594,171.6663,68.9237,160.4185
391.2675,170.4385,68.5210,159.9073
390.3871,171.8108,68.8317,160.5140
390.1628,170.2901,69.0784,161.3062
390.5038,167.9207,69.0657,160.9247
390.0722,168.6960,69.3567,161.4269
392.4003,166.2626,69.0694,161.2569
390.5134,164.6313,69.5381,161.3570
390.6574,162.8202,69.7418,160.9589
391.0912,162.8205,69.8588,161.4403
391.6640,161.3485,69.8511,161.4174
391.4616,161.6247,69.2726,162.1929
390.2181,159.1203,69.0678,162.6261
391.1128,165.2453,69.3928,162.5029
391.2727,161.7763,69.8740,162.5552
391.7013,161.7534,69.6461,163.1269
391.1000,158.6334,68.6169,163.8640
390.9849,157.7500,68.0874,165.5406
391.1506,155.5037,68.0448,166.2454
397.6873,138.2965,67.7840,166.0586
393.5110,171.3331,67.0608,166.3143
391.8483,149.6767,66.1977,168.2163
392.2549,151.3877,66.4970,168.5996
391.2831,148.0123,66.1787,169.2493
392.5029,154.1407,66.4164,170.0344
392.4635,147.1640,66.2877,170.1687
392.7088,149.8172,65.8021,171.2095
394.1810,149.2659,65.3005,171.6654
395.1283,147.9429,64.4205,172.5972
395.4807,145.9515,64.2972,174.5389
403.5005,150.2008,64.2164,175.7993
406.3856,154.5816,63.9278,177.2990
409.1704,148.5666,63.9544,178.5412
409.3370,148.4082,63.9411,180.1069
410.8401,147.5378,64.2009,181.3821
413.1263,146.3571,64.1819,181.9587
415.2451,144.8416,64.1144,182.0602
413.4318,147.7018,64.4123,182.2522
411.0549,140.8248,64.2511,182.9047
410.2961,140.9317,64.1350,184.1180
406.4143,140.8772,63.6471,183.7956
407.0554,143.5649,63.8040,183.4063
402.0063,140.8019,63.6364,183.2026
399.3410,138.1757,63.9079,183.9720
395.3248,138.5396,63.8084,183.5413
390.2265,136.2069,63.4967,183.9195
388.4929,135.1117,63.6875,184.3000
387.4313,133.3043,63.8046,185.2426
384.4324,132.0992,64.0481,186.3036
381.9386,131.4808,64.3379,186.6051
376.5973,130.7715,64.2790,186.9522
376.0300,128.8311,64.3422,187.6268
374.0640,126.5928,64.2119,188.0829
372.0941,126.4509,64.6516,188.9133
369.7525,126.0033,64.4992,189.8801
368.4012,126.0016,64.5439,190.2350
367.4200,125.8239,64.6820,190.6553
363.2267,126.6829,64.9296,190.3801
364.5775,121.8742,64.8908,190.5381
363.3759,121.4311,64.9973,190.3703
362.9537,119.3148,65.0824,190.0903
359.7512,123.4953,65.2259,190.2709
357.3073,117.2503,65.3766,190.4238
360.6644,113.2854,64.5995,188.3163
357.8400,114.6475,64.7886,188.1462
355.3250,114.6557,64.8729,187.7326
358.2671,114.0478,64.3023,186.3940
357.1984,114.1818,63.8699,184.7632
359.2176,110.9303,63.9566,184.4894
355.3427,117.8156,63.7693,183.7740
353.5508,121.6868,63.9810,184.0451
355.9458,111.0558,64.2137,183.7615
353.5688,112.5491,63.9096,182.9574
350.6630,115.8031,63.8051,182.2106
350.0679,113.1445,63.3623,181.1527
348.8967,115.1294,63.3159,180.3635
347.9586,113.0630,63.1728,180.3767
345.6962,118.2454,63.3651,180.1913
347.8130,123.2894,63.4548,180.3138
342.9616,132.8632,63.4177,180.3489
342.0570,125.2574,63.8646,181.4959
341.4871,126.7011,64.3367,183.0104
339.1357,128.0909,64.3192,184.2952
337.6816,121.5595,63.9698,186.0022
340.2204,122.1795,64.2141,187.1471
335.8275,119.3646,63.2998,187.7857
332.1766,119.3746,62.7393,187.4629
328.6965,120.6067,62.1094,187.7894
325.4832,120.8307,61.9099,187.3727
329.3157,127.2223,61.8154,187.6314
325.9804,129.7365,61.3995,186.9429
321.4998,120.5968,61.5015,187.5520
322.9573,118.0819,61.7528,188.6958
317.5249,115.4594,60.9045,189.1029
312.2944,121.1417,60.5992,189.3315
308.4016,123.3360,60.8527,189.5576
310.8834,120.5691,60.7910,189.2056
305.3431,123.8134,60.6918,189.6142
298.0659,120.0751,60.2682,188.5383
299.4424,125.9633,60.6137,188.6542
295.1401,123.5340,60.7572,187.6372
288.3624,117.8595,60.9440,185.0427
286.2300,121.4677,61.2111,183.0338
286.2788,122.6148,61.4733,181.4167
284.9345,122.1074,61.8100,180.1437
285.5449,122.6012,61.3969,178.2975
286.9971,123.5876,62.7512,176.3894
280.2025,125.1049,63.6842,174.8437
278.8076,123.6677,63.6401,173.4903
273.8557,124.3611,63.8799,172.3325
275.5960,122.0650,63.3813,170.3360
279.7845,127.0314,63.0380,169.2220
279.3321,130.5214,63.1308,168.9604
281.6916,130.6325,62.8324,168.9693
283.3449,129.8414,62.7414,168.3953
280.5837,130.9281,63.3292,167.4834
280.8472,129.5968,64.0874,167.1457
278.8856,131.5241,64.6492,167.1358
275.1686,136.0558,65.4046,167.4406
272.1343,135.4684,65.9177,168.9589
272.7027,132.8222,67.0869,169.2902
271.6593,135.0916,67.5640,170.4220
269.9566,136.0119,68.5518,170.4916
266.6725,139.7383,69.6238,170.6037
264.5614,137.8222,70.6095,170.5402
262.2875,137.7040,71.5112,170.4857
260.2920,138.8551,72.0411,170.0159
257.4286,141.4478,72.6232,170.3139
255.1713,141.2916,72.3420,169.8125
254.1426,143.5286,72.5386,169.4826
253.2331,146.1443,72.6806,169.8947
254.9390,146.4746,72.5243,169.7751
254.0453,148.9188,72.4369,169.7971
256.0825,145.3386,72.3589,170.0926
261.4204,149.3755,72.1202,170.2746
257.7855,150.8955,72.4429,171.1205
257.9427,152.8417,72.7449,171.2666
262.2651,149.8546,72.5717,172.2212
264.4586,148.2812,72.5065,172.0501
265.2630,147.4601,72.6449,171.9496
265.3139,150.7381,72.9637,172.5366
271.8132,143.3377,72.4387,173.1395
269.7661,146.9935,72.6184,173.1917
270.0110,148.7258,72.5991,172.7017
273.4521,143.0998,72.1510,172.3499
270.3046,143.9372,71.8696,171.5055
275.0172,137.0893,71.5553,170.8734
275.2903,140.0525,71.8883,171.9311
270.1148,139.0458,72.3301,172.0553
273.4380,136.1841,71.7949,172.5977
277.8282,107.9260,71.4464,172.5721
271.9845,108.0793,71.3938,171.6623
269.3581,112.4630,71.2391,170.8790
269.3131,134.0229,71.5144,172.8910
267.0121,138.8129,72.4497,173.8840
265.3104,117.6926,72.2165,173.0763
262.3166,113.5688,72.4220,172.8652
260.5723,105.0261,72.1763,173.1583
257.3512,104.4182,72.7710,173.1454
254.3808,128.6972,73.7173,175.6064
258.5817,114.2799,74.4008,175.4382
253.8935,95.9674,74.1962,176.9808
261.7816,90.9786,73.9782,176.9167
252.3088,128.6777,74.4676,178.3139
248.9356,98.0011,74.0512,178.9538
255.3931,95.6619,73.5484,178.0510
249.9559,98.8144,72.9751,177.2462
245.6674,138.1575,73.8763,179.1375
251.6140,134.6153,74.8807,181.7948
255.7172,118.7726,74.5329,181.2768
260.3046,118.8427,74.3541,180.6167
263.8014,114.0515,73.9690,179.8461
265.3361,126.4856,74.0822,181.4608
257.5910,108.7225,72.8698,182.8573
261.0284,122.6629,71.8392,185.5010
264.3631,110.4845,71.7118,185.6716
257.1884,108.0751,70.8507,187.3548
263.9550,90.6882,70.7081,186.5915
257.0665,101.5203,69.8050,188.1662
252.6352,102.1167,69.4060,188.9901
248.2250,109.8540,68.9183,190.9275
251.1472,113.3022,69.0859,190.9096
247.1527,121.0491,69.6087,193.8551
242.1358,84.9756,69.8310,193.5762
239.9615,79.7458,70.0599,193.5069
238.8403,91.7316,70.6680,195.4469
237.5145,85.6769,71.3453,196.4892
238.1146,87.3966,71.0613,196.8809
237.0035,88.3414,71.6021,196.0570
236.2072,85.0186,72.1651,196.2393
235.4712,88.0599,73.0523,195.0165
236.8119,108.2556,73.2821,196.1997
237.5816,97.3136,73.4338,196.7336
239.1628,109.5283,73.3380,196.8267
240.3683,109.3024,73.5710,197.6182
240.3126,105.1801,74.0272,197.9445
239.9047,101.4343,74.1149,198.5345
240.7562,101.0459,73.9061,199.0782
241.8426,99.6294,73.7298,199.9504
245.6590,105.3726,73.7841,199.1836
246.0656,99.4234,74.1336,201.7305
246.5358,98.8587,74.4930,203.5385
242.0766,61.2118,74.3984,202.8954
247.0476,97.4862,74.9207,204.0543
250.6885,94.5540,74.8075,204.7032
249.2601,89.0415,74.3293,206.3421
248.2534,72.1008,74.5699,205.8540
248.7072,81.2833,73.4823,206.3596
251.0017,81.5483,72.7708,206.9378
250.7656,82.5162,71.7629,206.1312
254.7600,78.4402,72.1501,204.9637
253.1928,76.7509,71.8408,202.6453
251.5971,77.6600,70.9508,201.4501
249.8097,79.3344,70.8905,200.9612
250.2823,80.1932,71.0955,199.3127
250.7913,78.8636,70.9372,198.6449
250.5425,84.2578,70.5349,197.2716
249.8240,74.9196,70.2922,198.1180
248.0276,81.9605,69.9208,197.3849
247.4181,74.7455,69.3984,196.5447
247.0763,80.6953,69.6583,195.0039
247.9741,86.5086,69.9178,194.2657
247.2892,78.0189,69.9048,194.0041
246.5151,81.0717,69.4079,194.0796
245.1892,70.5967,68.7129,194.0502
251.0274,76.4535,69.1875,193.6533
245.2896,73.8681,69.2140,192.0036
241.7901,66.7532,68.8097,192.6734
239.3929,61.3296,68.6264,192.5020
238.7439,63.7424,68.9505,191.5903
241.0825,66.8616,69.6399,190.4872
238.4148,67.3037,70.7019,188.6817
239.4777,65.2816,70.2264,187.6473
235.1683,57.3674,69.9843,186.7339
243.1281,63.2719,69.1765,184.0849
237.0503,55.9605,69.0560,182.2753
229.1030,53.8249,69.3167,182.0176
230.6255,60.3805,69.4848,181.2307
229.5408,53.2045,69.0524,180.7407
227.2180,50.6879,68.3262,179.7417
228.7789,57.6306,68.3493,180.3649
234.7963,63.2162,67.8890,180.6246
226.9942,56.3947,67.8408,180.3334
224.4705,52.3891,67.9631,180.7331
232.6543,51.8018,67.3450,180.2434
229.9119,60.8272,67.2100,180.0373
228.3927,55.7640,67.2970,179.9328
226.9162,50.3084,67.1689,180.4704
234.4483,45.1636,67.1441,179.5853
225.6532,42.6038,67.0268,179.9201
225.4363,38.5516,66.9939,180.3779
227.0652,35.2620,67.2610,179.9461
225.9439,35.9834,67.1586,180.4661
224.3383,34.5390,67.2911,179.8064
224.3473,34.8341,67.5722,178.9932
222.3907,34.7520,67.7598,178.0723
222.0981,31.6528,67.6918,177.8411
222.7633,34.3382,67.5626,178.0999
219.6710,33.6710,67.7303,177.4065
226.7440,36.0565,68.1702,176.5312
221.3903,36.6664,68.3442,176.6881
218.5686,31.8309,68.3076,176.9836
217.4474,32.1281,68.7393,177.5276
216.0655,30.2251,69.1088,178.3944
222.2489,30.7046,68.9655,178.1853
217.5372,33.2820,68.4127,178.0609
215.9478,29.7022,68.0583,177.5023
212.7563,25.7100,67.7257,177.3417
213.4269,29.5694,67.4887,177.6893
212.1215,25.4620,66.9020,178.2893
220.9077,25.6683,67.3410,177.9855
221.4310,22.9105,69.1438,176.6496
219.8580,20.1228,70.1956,174.4640
215.6800,21.1478,69.5093,173.2796
214.9872,17.3757,69.5198,172.4627
216.2903,14.9986,68.8120,172.3586
222.7538,19.6836,68.6142,170.6985
211.1055,12.5294,68.5960,170.5410
219.0202,20.6795,68.9315,169.8095
214.3454,17.2450,68.8078,169.7144
218.7297,17.5138,68.8276,169.9331
213.6612,18.8367,68.4731,169.5721
217.7784,17.0812,68.0600,169.8104
222.5520,18.3561,67.0245,169.8100
216.6811,20.6973,65.8490,170.1508
221.9993,20.4001,65.0111,169.9660
217.2700,28.2658,63.8123,169.1363
222.0797,25.6597,63.4630,168.5793
217.6148,27.1905,62.9413,167.5974
220.9616,24.3304,62.8961,166.2492
215.9776,30.9400,62.6641,165.4223
218.9799,25.9901,62.5056,165.0632
215.7873,28.9142,61.6084,164.8098
220.1527,25.6174,60.8503,163.2535
222.1616,25.9822,60.5582,162.5886
225.7828,29.6016,60.2759,160.9588
218.7427,24.0921,59.4665,160.0016
222.3699,25.2351,59.1667,158.8112
218.6513,30.4452,58.9801,157.5681
217.9697,34.1396,58.4696,155.7365
221.2680,23.9163,59.4833,154.7325
216.0402,18.6573,59.9590,156.1977
221.5633,31.2920,60.0299,155.2279
224.6464,33.1514,60.1668,153.9079
221.5545,51.7605,59.8090,152.4745
220.0358,42.1643,60.0223,151.6085
226.5112,47.0404,60.3108,150.6849
225.7820,55.3788,60.0279,150.2840
232.5599,53.8486,61.0657,148.4834
229.7411,66.7012,61.1026,147.6850
231.6434,67.8607,62.3438,146.8074
229.5710,48.9927,62.8174,147.1113
239.9533,58.8002,64.1466,146.8708
239.3040,55.7058,64.7810,148.4952
240.7202,57.8540,65.5672,149.0552
239.8550,50.8455,65.7811,150.1654
244.0136,49.9182,67.6685,151.3825
241.7227,49.1256,68.5390,152.6478
255.7922,51.0449,70.5157,151.5425
222.8230,24.6503,70.4322,152.8204
247.3763,45.4172,72.0950,152.8983
232.6892,49.7378,73.0222,153.9392
250.7310,54.5918,73.3755,153.8128
257.5259,57.3463,75.4086,154.0654
246.0599,48.2079,75.4498,155.6323
246.9374,47.7249,76.0974,157.3677
245.8055,49.3287,75.3653,158.5439
245.5196,47.2018,74.2054,159.7864
254.1166,47.3250,74.2449,159.6143
292.8717,55.8369,74.3405,157.1053
250.3870,50.0169,74.0371,157.2738
288.0222,55.4913,73.9261,154.3935
245.0471,47.1688,73.0738,154.7868
244.6832,44.3798,72.1157,155.3418
246.7923,41.9693,71.9544,157.4279
251.5769,37.6409,72.3496,160.2774
266.1219,24.0283,73.6539,164.3340
271.0217,23.1782,75.2308,166.3537
271.9650,21.2496,76.7068,167.9503
274.5579,18.6993,78.5347,169.2185
276.2298,18.2932,78.7834,170.2616
278.6125,17.2365,79.0179,170.2447
314.6634,39.1933,79.4552,167.1726
284.6783,15.4425,79.5749,167.4619
287.9317,14.9129,80.0751,167.4181
313.3456,25.9884,79.9861,166.5179
310.8516,11.7118,81.0387,165.3394
311.6778,9.3020,82.1851,166.5293
308.8262,31.1148,81.9332,165.0848
306.1992,24.8827,81.2336,164.8593
304.4873,30.1408,79.7780,163.8967
301.4556,34.6584,78.6163,162.9835
319.3344,11.7673,78.7592,164.7665
299.3965,30.4914,77.7295,164.6482
298.1873,31.6683,77.0752,164.6248
296.9935,32.9847,76.0569,164.4320
309.3049,28.3805,75.5377,164.8640
305.3668,31.3937,74.7714,164.3778
305.3889,39.4526,73.4529,161.6799
304.9578,38.2974,71.7968,158.8703
309.3038,37.4819,71.6460,157.8708
311.1995,40.1175,71.3537,156.6236
313.5783,41.7221,71.6352,154.8820
314.6599,41.1687,71.6159,153.7203
314.7457,40.4641,71.7782,152.9812
313.0853,39.6146,71.4076,152.2372
311.8318,47.2004,70.1757,150.3041
310.9940,44.5290,70.0906,149.0470
311.1280,42.0289,69.6249,149.0883
311.0589,43.1020,68.5190,148.7911
312.5690,38.9065,68.1740,150.1352
315.8458,32.8001,67.8593,153.2249
320.1274,31.3697,67.6700,155.1841
320.9622,28.2374,67.9752,157.5993
322.7300,26.3232,68.7455,159.5548
323.3891,25.8483,68.7072,161.3910
322.8437,25.5153,69.2973,163.2635
314.9294,36.1614,68.2825,165.0816
316.7387,27.9559,67.5501,166.3837
318.0159,33.0742,67.7225,166.9199
317.5406,32.8263,67.3249,167.0402
320.6211,29.3032,67.5368,166.4881
319.9240,35.1008,67.5414,164.7911
319.3846,38.9191,68.1154,163.4601
321.6779,39.6680,68.9646,161.9528
321.8680,41.5053,69.4107,160.9182
323.1968,40.6281,69.4383,159.7206
325.8470,40.3130,69.4570,158.9434
327.8852,44.2280,68.5457,157.4308
332.5263,39.4555,68.1521,156.4945
331.0371,41.4893,68.2268,156.0741
332.0371,39.9620,68.2505,156.4641
332.5215,37.7048,68.0111,156.6907
333.1852,39.1736,67.5262,157.3584
333.8234,39.1509,67.1007,157.6693
335.8987,32.4728,67.0628,158.2774
336.9486,32.7610,66.7278,158.5071
335.6478,31.6620,65.4697,159.0843
335.6702,32.8502,65.0958,158.5796
334.9802,33.7828,64.3777,159.1341
337.3272,32.6790,64.4579,161.2784
337.9102,36.4712,63.6673,161.6680
336.9867,33.5446,63.6259,161.6064
339.1040,38.3103,62.6685,160.8350
340.3788,35.3752,61.9318,161.6686
341.0134,32.6488,62.0357,161.6375
339.7401,32.2682,62.3977,161.2786
344.6305,28.8073,62.5544,162.2405
341.3909,31.0545,62.2906,161.8488
340.6658,29.4278,62.9623,161.7579
340.7552,27.9796,63.0502,161.3903
341.5846,25.2476,62.8682,160.8519
341.7627,25.0021,62.6342,160.0384
341.8714,19.9826,62.4256,160.0493
343.9128,20.8244,61.8248,158.4913
344.1648,18.0220,61.5584,157.7085
344.1886,16.0886,60.9300,157.5259
344.4619,14.6015,60.1216,157.3749
345.1386,13.6119,59.7330,157.1455
346.3078,17.0617,59.0047,156.3245
347.0102,15.1196,59.0264,155.8120
347.9613,16.1228,58.7044,155.3733
347.9741,18.0000,58.0116,155.0519
347.4005,14.3858,57.6719,155.0639
346.9203,18.5179,56.9783,154.2275
347.3839,14.0781,57.2687,153.8862
348.3033,18.1727,56.7321,153.1309
347.9102,15.0933,56.7585,152.2619
348.4819,18.1867,56.9083,151.1993
347.7222,16.5617,56.5001,150.1054
347.2344,19.0662,56.4730,149.4913
347.7851,21.6888,56.4629,148.5396
349.2145,23.9346,56.3179,148.0358
349.5640,26.2929,56.0016,147.2223
344.5185,26.2307,56.3653,146.7966
347.3170,27.4899,55.9930,146.4863
355.4420,21.2667,55.5305,145.8479
355.6459,26.1361,54.5993,145.8657
355.1599,23.2920,54.4752,145.2369
355.3004,29.8690,54.3842,145.3671
355.5280,31.5534,53.8824,144.9499
355.7589,27.0194,53.9371,144.6718
356.4472,28.0034,53.0970,145.2774
356.9998,28.2613,52.6843,145.8818
357.6548,28.9517,52.7060,145.9091
357.4648,27.8645,52.5068,146.1170
359.8890,29.2974,52.9699,146.2569
358.7273,31.2234,52.6785,145.7051
360.2148,31.7382,52.5307,145.4339
354.3241,31.1528,52.7001,145.8427
357.6627,32.4269,52.5768,145.7885
361.6338,33.3379,52.5226,145.8789
360.6422,33.9966,51.9890,145.7194
360.5114,36.3507,51.8677,144.8139
360.3375,38.4572,51.6954,143.4113
360.7115,37.2498,51.9366,142.5824
361.0302,37.7901,51.9230,141.9449
360.8428,39.0916,51.6867,141.3257
361.5918,39.0243,52.0139,140.4482
362.8694,38.6343,52.4652,139.6423
357.9722,38.0329,52.6707,140.6028
364.4135,42.3644,53.0754,139.1800
360.1632,41.7822,53.4663,139.2981
355.3907,43.6716,53.6364,138.9386
359.5411,43.9236,53.8733,137.6164
353.7752,46.3569,54.0930,136.2056
357.1209,48.1762,54.1733,135.3715
349.3399,50.1258,53.9774,134.2966
351.6407,42.7898,53.7425,134.1580
344.4288,47.4147,53.7151,133.4929
347.2204,43.7937,53.2923,133.2813
347.5474,46.2026,53.0537,132.7438
341.2669,43.2749,52.0045,133.7501
343.1230,43.8110,52.0610,132.3259
344.0894,39.1721,51.6100,132.7183
339.8051,41.5285,51.2803,132.9581
341.7570,38.3217,50.8796,133.5647
335.3965,40.2547,50.6309,132.9408
336.6034,38.3369,50.2784,132.6917
331.4290,41.4755,50.5704,131.0970
330.9305,39.1729,49.9147,129.9222
331.3151,39.5881,49.0491,129.0240
329.7516,36.2142,48.2264,129.5338
324.4838,38.3995,48.0013,128.5470
326.3842,37.7105,47.6164,127.5433
325.1311,38.7383,46.9574,126.1948
323.8876,39.7836,46.3654,124.6238
320.5546,35.7058,45.9286,124.0942
325.1523,39.2635,45.3472,124.0555
320.2667,37.0063,45.0441,123.9293
318.9309,36.9895,44.3559,124.4298
321.7061,37.3302,44.3432,124.0784
315.8188,38.2399,44.2015,123.5255
313.7705,37.9547,44.2859,123.2068
312.1346,39.4643,44.1710,122.0357
309.5641,37.4883,44.0537,121.7814
309.4110,36.8460,43.9250,120.8767
307.4933,40.7737,43.3693,119.7334
306.7392,44.8880,42.7895,118.3203
305.3681,44.4423,42.3227,117.6391
304.8743,44.7718,41.8758,117.3297
303.4863,43.9153,41.5913,117.7618
303.6310,45.7022,41.2516,117.1999
301.7736,44.4858,40.9365,117.5789
300.8852,47.1658,41.1087,117.0294
297.1394,50.7220,41.1939,116.7458
299.7090,46.5956,41.4092,116.6287
293.1414,46.0042,41.7616,117.3524
289.3782,47.1951,41.8116,117.4346
281.0137,45.1948,43.0651,117.7599
279.7554,46.8486,44.0661,118.8430
279.7064,45.4771,45.2458,120.4954
279.0972,44.1571,46.0992,121.9132
280.0398,44.3739,46.0801,122.9679
279.0227,45.0712,46.4125,123.6357
279.8582,45.6192,46.6966,124.3262
281.0554,45.7273,46.8802,125.2128
281.4217,45.2944,47.1085,125.5295
282.0530,45.7197,47.4070,126.9501
280.8091,45.3754,47.7404,128.4004
283.2292,45.1306,48.1813,129.6492
279.7440,43.8992,48.5064,130.1944
282.3284,44.4830,49.7802,130.9796
280.7704,45.9040,50.4969,131.8923
282.3367,44.4112,51.4922,131.8657
283.1612,45.1039,51.5104,130.8284
281.9264,47.2242,51.4079,129.3116
276.7557,50.1237,51.6908,127.5943
279.6410,51.4010,51.8496,125.9266
274.7284,55.5646,52.0878,123.9736
280.5052,51.3476,52.3622,123.6001
279.5098,52.9898,52.7111,123.9038
276.7218,51.4127,52.4041,124.4691
283.0230,51.4709,52.6215,123.9734
278.8968,49.6680,52.3750,124.1147
285.7186,51.0286,53.8010,123.3246
282.9547,48.7102,53.5130,124.5032
280.1676,49.3678,52.7995,125.2220
285.5217,50.5541,53.5552,124.6078
279.7380,50.1291,52.4856,125.1030
282.5241,49.0468,52.5971,124.9017
284.3416,48.9126,53.2924,124.2109
278.7257,48.1666,52.3251,124.5067
282.3469,49.7543,52.2954,124.0528
288.2182,47.2197,52.3478,124.3372
291.4171,45.9732,53.0301,124.8515
288.9481,47.2234,52.4990,124.8717
294.9159,46.1396,52.8447,125.6616
291.4518,49.1668,52.1751,124.8779
299.3847,46.7815,51.8528,125.6698
304.9305,46.7639,52.7833,124.7449
303.1582,45.6091,51.8901,125.6407
309.4634,46.9739,52.3402,124.8976
308.2808,43.2609,52.0478,126.0635
313.1543,44.0385,53.6067,126.6555
316.2125,42.2321,54.8072,127.1333
313.2147,41.4763,54.7322,127.2886
316.5216,40.8763,56.0018,127.3727
318.9317,41.5799,56.5129,127.0280
319.8105,40.6799,56.0483,127.4617
320.5529,44.0084,55.8006,128.1511
322.2104,42.3559,55.5245,129.0160
320.9249,40.1467,55.2167,129.2023
322.1116,42.1615,54.8126,128.9871
323.2304,43.8562,55.1837,129.4411
326.0050,44.9202,55.7467,128.5373
325.5451,45.3879,55.7030,128.8723
324.7719,43.0899,55.5308,128.3406
326.4424,45.6678,55.4127,128.1732
328.5476,45.6086,54.9156,128.5930
327.6294,47.2192,54.8263,127.6899
330.2942,48.4025,55.0600,126.8571
332.8582,50.3288,55.1297,125.9819
334.0561,51.6977,54.9143,125.2028
332.9997,53.0723,54.3563,124.0949
333.1609,52.5587,53.6962,123.9812
333.1775,53.6506,53.2272,123.2376
332.3379,54.1684,52.8087,122.9336
333.5965,54.9464,52.1435,121.4931
335.9337,57.0615,51.7259,120.3685
336.1343,57.5227,51.2209,119.7156
337.6276,56.4521,50.4699,118.5341
337.5286,56.6416,50.2796,117.2206
336.8782,58.1593,50.4298,116.1805
335.1902,55.6048,50.5536,117.3565
343.4818,59.8186,49.5322,115.3371
349.8840,61.8805,48.6208,113.6457
355.2317,58.7621,48.1974,112.3368
352.2790,59.2449,47.2767,110.9798
358.8944,61.1894,46.4931,109.7106
357.9261,64.4724,45.6396,108.7327
364.7100,64.9576,45.1081,107.3313
370.3592,68.2230,45.1731,106.9016
368.3221,64.5910,44.7118,106.8830
375.4415,67.1524,44.5800,106.0837
376.3144,69.2029,44.4701,105.0661
377.8562,69.9078,44.1999,104.7647
380.1758,69.5764,43.9497,103.9798
382.6943,70.0412,43.4925,103.6175
387.1165,68.0335,42.9616,103.4226
390.0374,72.4976,42.9218,102.3463
392.2095,71.9128,43.0021,101.9073
395.3697,68.9838,43.2721,102.2867
393.6489,73.1038,43.0314,101.9901
398.1820,68.6467,43.5735,102.7431
400.1705,66.5390,44.0223,103.4524
400.0953,67.9633,43.9378,103.3235
398.8152,68.9921,44.0439,103.0190
396.0834,68.3655,43.8284,102.8746
397.1473,70.0206,43.9734,103.3713
396.1943,70.2735,43.8245,102.7513
394.5763,71.1197,43.8455,103.0464
395.2656,71.1605,43.4881,103.3936
393.5941,74.2171,43.0480,102.3227
395.7297,73.2515,43.0555,102.3122
390.0126,72.4777,42.6239,102.4143
385.7418,73.5123,42.6859,102.8617
389.8128,73.3103,42.4174,102.3257
387.8339,74.0412,42.0169,102.2930
392.0533,73.4382,41.9523,102.2573
388.2115,75.1048,41.9648,101.8962
387.7418,76.3976,41.3961,103.2476
387.4818,75.8909,41.6603,103.9270
387.3164,79.9152,41.4970,104.8566
389.7943,78.9813,41.5581,105.2584
392.1320,81.9166,41.8369,105.8132
394.0576,81.6666,42.3707,106.4912
390.4580,84.0876,42.7087,107.5253
392.4645,85.4487,42.7172,108.1982
393.4855,86.0841,42.6945,108.3293
388.6594,88.1372,42.4435,108.5153
391.2943,88.5555,42.3323,108.8382
387.9904,91.2513,42.1165,108.2870
389.2030,89.9090,42.3747,109.0058
386.7448,95.5127,42.8741,108.8730
388.7396,94.4247,43.0048,108.7296
387.4059,94.5287,42.9387,108.0836
385.5376,93.2134,42.8143,107.6889
383.7343,92.9349,42.8947,107.7388
383.9333,97.4044,43.0490,107.0255
385.2829,99.0921,42.7118,106.7756
384.6329,101.4026,42.6220,106.5861
383.3364,100.9611,42.8194,106.8896
384.2899,101.4299,42.5988,106.3299
385.0562,102.9305,42.7244,105.6840
387.1505,104.8071,42.6948,104.7358
385.7466,101.0865,42.9553,104.3854
386.0568,103.3845,43.2468,104.1232
386.1163,104.6263,43.2007,103.8189
386.3280,105.6136,43.2539,103.6412
387.5539,105.9202,43.3431,103.7401
381.2226,106.0030,43.1210,103.7721
385.0591,109.1325,42.8108,103.5133
388.8365,109.7236,43.1783,102.7379
383.5349,109.5448,43.0362,102.7538
387.6774,110.4481,43.4004,102.5357
383.2709,111.1521,43.6926,102.4466
387.3683,114.8544,44.0674,102.2489
382.8623,115.7841,44.4977,102.5883
385.1208,119.3702,44.6866,102.2523
385.9325,124.3957,45.6812,100.9694
381.8995,124.6117,46.0690,101.0205
393.1300,131.6145,47.6892,99.6586
380.7921,129.5739,48.3371,99.6009
382.1541,136.6979,49.6437,98.5796
382.4998,134.3002,49.9412,99.1409
384.3209,137.0446,50.8212,98.4193
382.7366,136.8239,51.7977,97.7134
383.0112,139.3786,52.2527,96.9877
379.0674,145.4240,51.8476,95.7156
382.3935,144.7455,52.7902,94.5419
379.6468,144.9030,53.1363,95.1002
376.2853,146.7116,53.0133,95.3861
373.9193,145.7299,53.3310,94.4934
373.0692,146.3455,53.9957,94.2184
372.1440,147.4503,54.6976,93.1164
366.9481,146.5278,55.5341,92.9890
365.0628,148.2553,56.7266,92.4107
367.1157,149.8765,57.5562,92.3717
368.0069,149.7948,57.5949,92.2040
367.9526,148.5000,57.3619,91.4610
365.3506,146.6077,57.7614,91.0120
364.9814,146.2930,57.7488,91.7261
364.2398,146.0779,57.4882,92.0449
363.0127,144.0151,57.5291,93.0777
361.5227,138.3370,57.2574,94.6479
361.7988,138.6490,57.2390,95.6229
361.6967,139.8529,56.9232,95.7173
361.0126,137.9711,56.5212,96.5852
360.5308,140.6974,55.9012,96.8663
359.1874,136.7571,55.1279,97.8968
358.7625,136.2415,54.2003,98.7749
358.2175,133.2059,53.0926,100.5836
357.5794,129.8127,52.5171,102.8411
362.2357,135.6397,53.2527,103.5090
360.7032,137.1168,52.4402,104.9131
367.5859,135.6159,52.7250,105.2087
366.8156,141.0278,52.6447,105.0732
366.6154,140.8053,52.1339,106.0930
373.4190,142.8470,52.9462,105.7544
372.0783,143.9588,52.4960,106.8399
371.0440,146.7510,52.1393,107.8356
369.7782,148.5846,52.1485,108.3422
370.1499,143.5246,51.4422,109.6374
377.5536,150.1879,52.1041,109.2343
375.1013,146.5382,53.0001,108.9685
374.2861,145.0333,53.4614,110.5206
373.2556,143.1845,53.5540,112.1283
371.9600,140.3543,53.3684,113.9403
373.3348,146.8967,52.9940,114.5843
373.2171,146.6463,53.4817,115.6648
374.4353,146.9843,53.5051,116.5006
375.4620,144.2928,53.1695,117.1984
378.1795,143.4105,53.3232,118.4527
381.1219,142.1899,54.2782,118.7829
383.7453,143.9014,55.5696,118.2404
385.8342,145.3721,56.0004,118.0051
388.6006,143.4342,56.0846,118.3746
391.8951,139.2638,56.2944,119.7576
393.6247,142.8205,56.2996,120.8259
395.9209,139.6750,56.8133,122.4394
398.2282,140.9813,57.2933,123.0366
399.4405,138.9798,57.8249,124.2093
401.8107,138.7292,58.4971,124.8400
402.5451,137.3754,59.2382,125.3327
404.3676,137.5687,59.9357,126.2557
406.7348,140.4456,61.2454,127.0019
407.0277,141.8108,61.9288,128.5413
407.4000,142.7110,62.9669,129.3772
408.6498,142.0279,64.4233,129.4311
400.0471,142.7819,64.5373,129.9259
401.4103,139.9751,64.8544,131.0013
403.6325,140.8273,65.2419,131.1687
405.4945,149.6811,66.8050,129.3172
395.9369,142.1474,66.9581,130.9799
399.9571,146.9100,68.1025,130.2941
397.9842,142.2917,68.2228,131.8532
398.6664,149.3192,69.5143,131.0940
396.9575,144.8203,69.6009,132.4214
399.6862,153.0438,70.5444,131.4137
399.4824,146.2971,70.8850,132.3906
399.5144,146.5265,71.2196,132.1679
399.5230,143.6316,71.3410,132.6104
409.4412,143.7217,72.8242,131.0999
409.6175,151.8313,73.0480,130.1726
408.4046,152.2764,73.9096,129.3326
407.4569,147.5417,73.2978,130.9654
408.8765,155.1504,73.4071,129.4126
407.6501,149.1226,73.5756,130.4367
409.2685,157.6387,74.1019,129.4112
411.0587,155.8679,74.4554,128.5044
412.9893,150.3991,75.1277,128.2477
413.6212,147.0061,75.2252,128.8311
413.0703,143.4171,75.0348,129.7858
414.2514,148.9659,74.9156,130.8874
413.9666,143.1147,74.2730,133.5129
414.9023,150.8700,73.6160,133.8250
414.6723,148.6564,72.7906,135.2670
413.1754,143.6420,71.8568,137.9466
403.6755,147.8252,71.0558,139.7027
406.6606,141.5847,70.5056,142.4637
400.5893,136.0291,71.5829,144.8152
405.0245,130.5732,72.2025,147.7004
408.1301,129.8888,72.3729,149.4294
410.6013,129.5852,72.6630,151.7357
414.1291,130.8629,72.4529,153.7955
416.8423,138.7307,72.1044,155.3029
417.5560,130.4535,71.8096,156.3939
418.2220,136.1286,71.8591,155.6739
428.5392,126.8956,72.1004,156.3743
417.4980,124.3637,71.8871,155.6257
418.4485,113.4452,72.0413,157.8461
420.2110,119.4815,71.8101,158.1975
419.7934,104.1664,71.3503,160.7596
420.3583,104.9246,71.4984,162.7572
421.4884,105.2692,71.5211,164.1689
413.6920,116.6401,70.6435,163.0491
427.1381,124.3709,70.3095,161.6864
417.0152,133.5496,69.1321,157.8899
416.3952,132.2964,67.8592,156.5472
418.9464,142.8189,67.4697,153.2409
419.5840,141.0105,66.6880,152.4299
420.3840,152.1305,65.6817,149.1249
419.7065,152.3148,64.5862,145.8932
418.5559,150.7928,63.6529,144.8288
419.4301,158.8758,62.7537,141.8197
420.3288,154.8650,61.3913,140.6151
419.9514,156.7421,60.2953,139.1701
421.2050,158.0673,60.1018,137.9474
422.0208,158.1694,59.7658,137.3924
424.1891,155.0313,59.6111,137.2770
425.1726,150.4408,59.5297,137.3736
426.1338,147.9738,59.1626,137.9922
436.4096,139.5684,59.4372,139.0785
426.7299,145.4345,59.6424,139.9366
427.9413,150.3769,59.3432,139.7859
429.8654,147.1034,59.0089,139.8072
428.6602,143.5339,59.3722,140.6304
428.4832,135.5563,60.2905,142.8317
428.7268,136.6104,60.8151,144.5527
428.0042,136.7760,61.6364,146.5220
420.9667,141.1250,60.9376,149.3993
425.6412,140.0818,60.5070,151.0730
427.6982,138.9400,60.1434,152.3091
429.5145,139.4644,59.2630,152.9119
425.9320,142.1897,59.5777,153.8799
428.2896,136.2716,59.5537,154.9742
429.8069,143.0850,59.4184,155.1182
422.0117,130.9719,59.4637,155.3201
431.9521,141.2103,59.9838,156.7199
430.3762,136.0004,59.7443,158.1408
424.8864,142.5486,59.4050,158.4694
419.8203,145.1394,59.3826,158.6665
423.7826,146.6001,59.0715,158.1838
424.6578,141.7837,59.0770,158.8145
427.7824,140.4698,58.3996,159.6604
422.9617,139.8591,57.8699,159.1650
426.0500,140.6732,57.1736,159.1759
429.0993,143.7401,56.3714,157.1929
429.4955,141.0798,55.6870,157.1921
427.7002,141.6443,56.0402,158.4006
426.3362,143.2092,55.9205,160.2826
418.1482,138.6509,54.6511,161.0566
417.1703,135.7655,55.1809,161.7501
409.9474,122.4055,54.5694,162.1461
411.2773,130.2537,53.3225,162.5951
412.7248,130.0666,52.4836,161.9611
411.6201,124.3402,51.9253,162.9210
411.2643,124.3466,51.7630,162.8192
410.7877,119.4700,50.9184,162.8286
412.7199,118.2867,50.4829,162.2013
412.4816,114.1919,50.4376,161.3165
414.1416,105.0027,49.8025,162.4076
417.4886,100.9574,48.8969,164.3229
417.7211,97.7032,48.2958,166.0071
415.6533,100.6549,48.6315,166.4460
416.3301,94.6690,49.0629,168.1733
416.8951,87.5125,49.8675,169.0053
418.3674,89.8439,50.3136,170.5954
418.4551,89.5234,51.4396,171.3742
418.6870,87.6486,52.8467,172.1724
418.4251,86.8317,54.3246,172.9919
418.3604,84.0240,55.6842,174.8066
417.2057,83.0490,57.0486,175.8156
416.9541,81.5266,58.2263,176.4229
416.8169,78.9810,58.6648,178.1007
415.9435,79.5265,58.9476,178.7004
415.3528,79.4206,58.9485,178.3661
416.2870,77.2805,58.6937,178.3175
416.5773,77.4217,58.1075,177.8098
417.7556,78.2903,58.1415,177.0402
418.3398,77.7685,57.9189,175.4991
419.2007,79.0861,58.2227,174.7848
420.5833,78.9024,58.3347,175.2265
422.2468,71.1618,58.8991,176.2268
415.5645,72.7996,60.2186,176.9453
421.3343,75.5730,60.8917,178.2375
422.0174,75.7580,61.5484,178.2214
423.6378,76.1319,62.3842,177.2881
423.6022,74.8517,62.6935,178.2846
423.5328,73.3023,62.6847,178.9336
415.1652,73.8019,61.8869,179.4460
427.8890,77.0795,62.3229,179.1890
426.4916,86.5069,62.3345,176.1324
417.8214,82.6860,61.8704,176.4634
421.7123,82.2275,61.1559,176.9646
423.3603,85.7887,60.5174,176.7810
423.4039,88.1960,59.6866,175.8906
423.6399,89.9613,59.1737,175.1776
425.0086,83.2104,58.4831,175.9334
426.0811,86.7757,58.5949,175.7825
425.3831,85.1938,58.7763,176.4617
426.3282,90.7801,58.3971,175.8937
426.5877,94.8910,58.7780,175.2169
426.9352,92.0790,59.0764,175.9165
425.7061,93.4297,59.4458,175.9015
426.1873,105.6245,59.3421,174.8031
425.5984,105.3228,59.1144,173.9955
417.4149,108.2211,59.0514,174.3499
420.1064,105.9744,58.9065,174.4040
422.3758,113.3715,58.8563,173.7068
413.8610,116.0513,58.8632,173.5501
417.4895,124.7425,58.7252,173.6264
419.0022,121.9441,58.7311,172.9819
419.5019,120.0097,59.2076,174.4042
418.7234,133.8595,59.8956,172.4047
411.2770,127.0348,60.0829,171.1421
422.3220,133.5115,60.1574,171.5494
414.3485,127.1937,59.6352,170.1026
416.4099,133.2263,59.4429,169.7073
417.8506,131.9539,59.1892,169.4138
418.2764,131.3542,58.5437,168.7896
418.4355,129.1064,58.1681,169.7907
419.0624,133.8273,58.1944,169.1487
419.9294,132.5910,57.9737,168.7401
419.7786,130.8254,57.9871,167.6712
419.6226,136.0110,58.2519,166.8525
413.2633,143.0036,58.1995,166.6518
416.5958,138.4571,57.9098,165.6385
418.0843,133.4904,57.7041,165.6345
419.6243,130.0212,57.2125,166.3089
420.6706,135.3902,56.8043,166.1851
421.9154,133.8714,56.3387,166.8370
424.3018,138.9014,55.8395,166.1272
419.1079,139.8290,54.9994,165.2171
422.1552,137.2049,54.2926,165.1832
425.3701,146.8175,53.9289,164.4933
427.3125,143.1236,53.0957,164.8613
423.3778,144.5607,52.2220,163.9025
425.8035,143.2671,51.3278,165.2721
427.5645,146.1410,50.9227,164.3905
428.9283,142.2150,50.7579,164.1609
427.9964,138.7549,50.3001,165.1148
424.7913,138.5949,50.4272,164.9478
427.3740,140.3130,49.7002,164.9066
427.8480,139.1597,49.4164,165.0409
427.6660,137.5936,49.3203,165.0471
428.3192,138.1082,49.2332,165.3545
429.2137,135.9055,49.4599,166.1123
427.5524,136.3011,49.2274,167.0666
426.7980,136.8158,49.6090,167.0983
426.7414,135.9675,49.5446,167.5689
426.1895,136.7802,50.0374,166.9031
425.3620,135.2936,50.7248,165.9681
426.1133,138.4342,52.3624,165.6687
428.2581,134.2087,54.7821,167.1021
420.7393,137.0389,56.7198,167.1832
420.2733,133.4999,59.5722,166.0898
409.4052,124.2377,60.4968,167.0865
416.8825,123.0146,62.5453,168.2942
412.3448,128.8187,63.4712,169.8590
416.6775,126.7516,65.5973,169.9770
412.1801,123.1922,66.4553,171.7319
409.5798,121.3565,67.9122,172.5331
414.1755,123.8290,69.6025,172.4252
411.5052,121.9617,70.9779,174.3079
408.5883,119.7559,72.3004,176.8661
418.7156,113.7623,74.7267,178.7241
412.2039,111.7207,75.5831,181.1382
415.8127,108.3859,77.6768,183.6591
415.1980,106.4648,79.0971,186.6338
414.6785,103.8057,80.4738,188.0112
413.9398,101.3761,82.0245,187.8110
412.1741,99.5176,83.5250,187.8674
413.0032,103.6562,84.4550,188.0035
408.1253,100.0942,85.1712,188.5869
403.0463,97.8341,85.0908,188.6221
403.9874,90.7542,85.1752,189.7471
411.9745,108.7855,85.7425,190.0139
407.3138,105.4934,86.6098,191.6272
404.3666,104.0731,87.5621,193.1494
404.3697,100.7660,88.1951,194.3780
405.2645,97.3303,88.1549,195.5301
403.6600,95.7521,88.4812,196.1125
404.3953,100.4111,88.5325,196.4435
404.1433,104.0483,88.1009,196.2836
394.1368,85.5426,88.5569,199.2518
397.3463,101.0961,88.4584,199.4410
397.2498,102.7550,88.0629,199.5514
394.9678,99.0244,88.4894,200.6220
392.7496,106.1315,88.7290,199.9047
389.8714,99.9505,88.5847,200.5952
388.9193,106.1994,88.0526,199.4901
384.9772,106.5272,86.9736,199.5202
383.4957,108.3575,86.2969,198.7631
382.3736,110.9452,84.3558,197.5323
381.3618,110.4208,83.8127,195.3079
376.6328,110.8824,82.7194,192.8089
376.1211,112.0636,83.6097,193.3531
371.8575,111.5530,83.9801,195.5910
369.0024,108.3441,84.3959,197.5392
364.9279,109.6243,86.1171,198.4514
377.7599,112.0782,86.0181,198.7428
390.2465,117.1295,85.7148,195.4955
387.1360,120.7975,84.5248,193.0834
398.7262,122.2293,84.3836,189.9206
393.1341,117.1585,83.2273,189.4830
390.5990,122.6551,81.8746,185.5524
399.6626,123.6880,81.9417,181.7587
394.4946,125.9969,79.9219,178.7341
396.1814,128.8220,78.4721,174.2027
397.8541,127.9838,76.6455,170.1315
396.4616,125.6812,75.0140,168.1763
393.8961,128.9661,73.0375,166.0464
386.1304,128.2558,71.5849,165.6932
386.5327,128.8482,71.3430,163.0950
383.4204,125.2200,70.9122,163.2510
390.3102,118.7086,70.4911,162.2013
387.0226,123.5498,70.8076,161.9583
383.8228,117.5072,71.7886,162.4107
389.6540,110.5966,72.1535,162.8609
381.3436,113.3088,72.1746,164.6059
385.2063,112.7380,73.1443,165.9100
381.3868,115.6996,74.2513,164.4377
387.7068,119.2572,75.8861,162.6619
377.4188,125.1960,77.4959,159.8612
371.4892,125.6729,79.2058,157.3650
368.0755,125.1300,80.0831,156.8855
362.2395,126.6772,79.4074,155.7059
366.0794,127.7835,78.7115,154.8721
363.3460,134.5342,77.0910,151.7877
360.6964,140.8555,76.1250,148.4966
360.6002,146.0446,74.1174,144.2714
356.5960,138.5344,71.8389,143.0633
356.8616,143.0992,71.0689,140.5715
355.2226,136.3219,69.2731,140.8223
359.8283,145.5925,68.0880,139.2034
357.2531,148.2910,67.2844,136.8801
360.8879,143.0689,66.2469,137.8076
355.8244,135.1255,64.5731,140.1942
361.0070,138.6328,64.1015,141.9834
364.8591,139.6492,63.1613,143.7548
367.5195,143.5489,63.0388,144.4702
369.7061,142.6568,62.9018,144.7014
372.7745,145.9021,62.7709,144.9146
375.0900,145.4171,62.3254,145.4890
377.4415,147.0025,61.7920,146.2933
380.8119,143.1916,61.5981,147.2417
374.2007,152.9397,61.7929,146.7769
376.6082,153.1846,61.7494,147.7264
378.2213,159.0322,62.0650,147.5705
379.4385,156.8725,62.2298,148.1003
381.1736,156.7069,62.0100,148.8483
381.9659,156.4857,62.4273,149.6947
377.4203,154.4358,62.7179,151.1635
379.4656,159.1184,63.4060,151.7029
374.9302,159.7386,63.0682,152.0349
374.2925,150.7305,62.9385,152.9623
379.7768,148.5599,62.9738,153.6876
377.3194,160.8060,62.6738,154.2356
383.3255,159.9615,62.6629,153.9950
387.5032,158.1623,62.7693,154.8910
384.4066,161.2272,62.2519,154.5992
388.1742,161.8502,62.4265,153.1873
392.3339,164.7200,62.3158,152.8256
387.7662,167.8028,61.7535,151.4718
392.3742,168.6725,61.8486,149.3302
387.5945,182.5439,62.8629,145.3814
393.0957,180.0838,63.8156,142.6284
389.2411,181.4302,64.0343,142.0138
394.1949,185.8277,64.9515,139.8079
391.6917,185.2880,65.3646,137.5720
388.4253,184.7359,65.2258,135.9180
392.7209,181.9104,65.4837,135.7187
385.3258,184.9603,66.5612,134.5088
382.8652,189.2179,67.5897,133.1352
388.9251,185.8379,67.3788,133.5786
385.9922,187.9181,66.8573,134.0689
385.2526,190.1045,67.5980,133.2795
390.3247,182.2748,67.4876,133.6578
385.8506,174.8959,66.8521,132.6018
385.1592,179.0769,66.5199,131.7010
383.3385,179.1400,66.8653,130.6883
380.5744,180.1304,66.5924,130.3410
381.8969,180.5140,66.4274,130.8757
378.3893,177.7236,66.5126,131.1666
376.4172,181.8422,67.7537,129.3942
377.8009,183.9139,68.1937,130.0905
375.4232,181.7210,68.6968,130.6152
374.1410,178.8386,69.3154,130.9997
371.5223,176.1352,69.1576,131.2615
376.6573,173.7725,69.4998,130.8817
375.6811,174.7737,69.5669,129.7981
372.5061,168.8110,68.6096,130.3228
374.4739,171.7710,67.7443,128.7491
371.4596,167.3214,66.5071,128.9450
375.7053,164.4629,66.3142,128.3552
373.8181,165.5873,65.7068,127.1104
378.0233,159.1209,65.7087,126.9702
376.4623,159.7086,64.9266,126.4491
375.3666,160.6148,64.0454,124.9602
374.3814,160.8721,63.0772,123.0760
370.2424,153.3037,62.0403,122.8652
374.6954,148.9128,61.3666,123.9517
372.7024,145.1921,60.8229,124.6038
373.8751,144.0396,60.7507,125.5676
372.1253,143.3119,60.5996,125.8437
376.8987,141.4243,59.2554,126.0127
377.9935,139.5707,58.6126,126.0147
377.2033,142.3829,58.3916,125.3279
371.7283,144.1454,60.1611,123.8348
364.5055,144.3350,61.9389,121.8864
374.0596,139.5954,62.1149,122.7403
373.8912,138.6487,61.7587,124.4339
381.8460,18.9243,61.8642,126.0040
384.3751,123.7918,62.6439,128.5512
393.9646,130.7757,62.8911,128.6336
381.6062,131.3997,63.2157,128.7904
373.1382,134.0301,63.4123,128.2632
372.7235,130.8389,62.8732,127.9739
371.6770,126.9019,62.2947,127.9833
368.3156,130.9249,62.0232,128.7415
366.1767,132.9277,62.0684,128.7643
366.4952,133.6025,62.0471,128.0639
366.8058,133.2977,62.3233,127.6962
364.4677,133.4033,62.9754,126.3748
363.1693,133.6539,63.0150,125.0697
361.9422,133.9004,63.3680,123.6423
358.0868,134.6458,63.3042,123.1731
358.5991,136.5604,62.7351,122.3445
357.5306,135.3259,61.9921,121.9180
360.9835,135.0916,61.9543,122.1970
358.0809,135.1792,61.3790,121.9702
350.0855,137.4978,61.3491,121.9363
353.4294,137.6852,60.8163,122.5525
354.3104,135.7222,60.8797,123.3321
353.0913,136.3980,59.7762,123.9577
351.8201,143.8149,59.1259,122.9012
347.5983,140.3738,59.0183,123.3394
352.4259,143.0054,59.0701,124.1887
357.1871,138.8224,58.6460,125.7374
353.1304,141.5632,58.1089,127.5958
350.4995,142.0029,57.9049,128.1341
353.0748,142.7308,58.4314,128.5446
351.4460,141.3992,58.4017,129.1154
350.9637,147.8250,58.8793,129.4436
350.5218,147.1666,58.2706,130.4821
348.8021,150.6302,57.9809,130.3404
350.8741,153.3709,58.0724,130.2067
349.5746,153.0727,57.6447,129.4455
348.8341,159.2836,57.4458,128.1786
349.3541,160.2288,56.9735,127.6765
348.8072,156.8447,56.4135,127.7896
348.9132,161.5133,56.2288,128.0934
347.7543,161.4208,56.0622,127.6464
348.1397,161.2081,56.0296,127.5169
348.3316,161.5108,55.4499,127.8370
347.9579,163.0080,55.1775,127.8853
346.4263,165.5505,55.0509,127.6096
349.1495,165.9039,55.0188,127.7189
346.1857,167.8143,54.3759,128.1940
348.7625,167.9954,54.2899,128.4756
347.0612,166.1460,53.2964,128.3802
348.3669,171.3756,53.0894,128.3946
349.5224,168.0957,53.3201,129.0049
344.4721,167.7523,52.4736,127.8251
342.9033,166.8386,51.6363,126.9833
342.0446,169.7866,50.6774,125.7155
342.4087,168.4714,50.1241,125.5795
341.9051,172.1601,49.4604,125.9250
340.0537,171.6553,49.1168,125.5424
338.5742,173.4600,48.8409,125.8888
337.4352,175.4489,49.1726,125.5194
334.8028,177.2686,49.3972,125.6982
332.3720,177.4024,49.3354,125.8109
331.1992,178.3336,49.4949,125.7579
328.8745,178.2826,49.8770,125.5125
329.0303,178.6088,49.6084,125.3453
327.4298,180.4629,49.4741,125.2215
325.9943,181.3167,49.4649,125.3984
324.3461,180.9708,49.9485,126.7260
322.0704,180.5637,50.5548,127.7268
320.5350,182.8281,51.2998,128.6085
317.3211,182.8502,51.5712,128.3038
316.1576,182.8923,51.6265,127.2704
314.3392,183.7066,51.7807,126.6880
313.5496,183.8574,52.1152,125.0085
309.5124,186.4050,52.2474,125.9163
306.6137,187.1835,52.1920,124.9146
303.7148,188.4062,51.6105,124.8018
300.0236,189.1635,51.4903,124.8504
298.8127,189.1749,51.1908,124.6022
296.8033,189.3536,51.0107,124.0782
292.9012,187.4642,50.8733,123.7952
292.0147,188.6260,50.7587,123.1861
289.3051,188.8988,50.5163,123.2334
286.9071,188.9440,50.1071,123.3234
284.3661,189.8219,49.9081,123.7715
282.4890,188.9606,49.8862,123.5563
279.3228,189.8299,49.7127,124.2028
277.9326,188.8277,49.5399,124.4887
274.7911,189.5118,49.6695,123.7237
272.7697,190.6889,49.8013,124.0161
269.9509,188.9311,49.7665,123.8751
267.0230,191.2243,49.4406,124.0416
265.8964,191.9508,49.4598,123.4514
263.3243,192.1759,49.0738,123.2488
262.4514,193.8146,49.0003,122.8024
258.3386,191.2022,49.3098,123.3407
256.2943,193.6040,49.0342,122.5412
253.9366,192.3379,49.1081,123.3043
251.2991,194.4291,49.2854,122.7932
249.1288,193.7526,49.2657,123.9317
246.5769,193.3340,49.2970,124.9321
244.8700,192.1515,49.5554,125.8363
243.4110,190.5756,49.8174,126.4999
238.4306,194.5896,50.6207,126.7162
237.2384,194.1535,50.8878,126.6408
234.3908,197.0696,51.7482,126.0797
232.1557,196.2126,52.2434,127.4146
229.5752,195.5406,52.6098,127.0235
226.4972,195.0626,53.0738,126.9467
