1
701.7649,240.7940,33.8068,71.1409
697.2959,239.9762,33.7874,71.2949
693.5421,239.3571,33.7574,70.7461
690.0754,238.0715,33.5501,70.9376
683.1576,238.6832,33.7855,70.8400
682.3271,236.2788,33.8614,70.7335
680.7003,234.9540,33.6677,70.5077
678.7413,234.0399,33.2527,70.5850
666.8600,236.5105,33.2594,71.3532
673.4288,231.1409,33.4438,71.8954
674.6450,238.9269,33.3429,72.7468
661.1976,234.2699,33.5043,72.7388
657.5375,237.0091,33.1891,72.2384
660.5731,238.5522,32.7560,71.1874
656.0333,239.3978,32.2141,69.9849
652.2845,239.4361,31.7781,69.2654
648.9838,239.9985,31.4225,68.5192
645.0065,242.0667,30.9641,67.5506
635.7012,241.3906,30.8901,67.1951
633.0955,243.3506,30.7830,66.9661
626.5069,245.0109,30.7648,66.5037
624.3809,243.8466,30.9093,66.8096
622.0267,243.0569,30.8191,66.9419
620.1976,242.0879,30.8408,66.7671
618.7310,239.6418,30.7638,66.1537
618.0380,240.1971,30.3842,65.2311
613.4077,239.6382,30.1843,64.5175
611.5264,239.7491,29.9632,63.8857
606.4108,240.3750,29.9053,63.8313
604.7151,240.4758,29.7004,63.5288
601.8581,239.7556,29.5419,63.0568
597.6993,240.1369,29.4989,63.1698
598.1689,237.6996,29.6090,62.9658
594.4777,240.4943,29.4686,62.6780
590.8262,239.2307,29.5020,62.6182
590.7855,240.9479,29.4047,62.6934
588.7006,239.2503,29.3606,62.2577
582.9756,240.9416,29.2194,61.9139
577.4142,240.1824,28.8516,61.1722
577.2652,241.4158,28.4773,60.3133
570.1705,237.0119,28.2702,60.0029
568.3360,239.0447,28.0003,59.3226
568.1107,244.6725,27.5490,58.5342
567.4374,243.3149,27.3050,57.8129
560.4147,240.6308,26.8906,57.2351
558.6057,244.1124,26.7321,56.8862
554.1788,244.7950,26.4481,56.3231
553.0344,245.7702,26.3418,56.1320
548.2232,245.7272,26.2717,56.0168
545.5879,245.5970,26.3659,55.8247
547.0079,248.8569,26.2213,55.8157
544.7513,248.3402,25.9038,55.1499
545.0728,247.8885,25.8572,54.9588
539.7166,244.4933,25.8719,54.8368
545.1027,244.1161,25.8193,54.5904
545.3445,244.2431,25.7089,54.3337
541.9797,247.9657,25.6962,54.1459
542.8710,247.5608,25.7684,54.2406
542.2992,245.8551,25.8638,54.3984
541.6955,245.1328,26.0166,54.3944
538.1715,243.4442,26.1759,54.7677
540.2644,242.6852,26.2468,55.0441
540.5468,241.1492,26.2949,55.1721
537.2419,239.9836,26.5442,55.4462
539.5818,241.6288,26.5519,55.4889
538.4138,240.5168,26.6891,55.6538
537.5843,241.1111,26.6185,55.9590
537.1057,241.2697,26.8076,56.0072
536.9515,239.3194,26.9425,55.8626
541.1295,233.3764,27.1861,56.2577
536.0348,238.9765,27.2059,56.4383
535.7190,241.1094,27.1906,56.5646
536.0933,240.6514,27.3222,56.5023
536.6351,239.7465,27.0047,56.8102
536.8255,238.1510,27.0804,56.8715
536.9698,239.8317,27.0971,56.6148
533.5253,238.9341,27.3179,56.4249
537.6413,239.5561,27.8823,57.0055
538.8198,239.6608,27.8273,56.6708
552.5089,231.9867,27.7882,56.4794
558.0303,226.4081,27.4810,54.7196
556.3578,233.5988,27.3922,54.2733
559.7917,232.9534,27.0766,53.7045
561.7255,233.2416,26.8212,52.9501
566.2877,229.8488,26.4058,51.8083
571.5982,231.7044,26.2080,50.7887
572.0428,232.4832,25.7508,49.6545
576.4325,233.3242,25.2680,48.8660
576.9244,233.8214,24.9311,48.1201
581.6945,232.4283,24.5781,47.6989
582.7733,234.0052,24.2681,47.1082
583.2354,234.4366,24.0325,46.8435
584.3235,233.4290,24.2813,46.9769
592.7269,231.6840,24.0987,46.6919
590.0673,232.5306,24.0092,46.6868
591.8413,233.6503,24.2476,46.6956
592.3146,234.0850,24.3984,46.4836
594.5891,233.1009,24.5377,46.4640
594.3831,233.6262,24.4774,46.4489
597.2068,230.9561,24.4940,46.3448
601.0005,232.7058,24.4233,46.0680
600.7338,233.2294,24.3971,46.0350
603.2418,233.4912,24.3787,46.0955
605.3636,231.8690,24.2794,45.8723
602.1769,235.0915,24.5917,46.3988
606.8825,235.0966,24.6524,46.2855
607.7444,234.9076,24.5908,46.0599
609.6673,234.4908,24.5423,45.8713
608.6821,235.9153,24.7034,45.7233
609.4678,236.8283,24.6951,45.5838
608.3723,240.3781,24.7615,45.6352
606.4851,241.8440,24.7643,45.6948
605.5845,242.5536,24.9496,46.2541
604.7477,239.2360,24.9649,46.3801
601.5914,235.8510,24.7585,46.0205
596.8276,234.0318,24.7918,45.8934
588.6720,236.9579,24.7139,45.9875
581.8434,236.7044,24.6555,45.9998
578.0001,233.9501,24.5280,45.6525
570.4042,235.2791,24.4212,45.0628
564.9529,235.5935,24.1952,44.8348
554.3110,231.7081,24.0856,44.7436
548.2990,232.3154,24.1699,44.7308
541.3217,233.3699,23.9911,44.2076
532.6629,232.7786,23.9093,44.0801
525.4192,232.8518,23.6847,43.6010
514.9881,231.1577,23.7111,43.6286
508.3082,229.4598,23.7696,43.4512
502.5288,230.0558,23.6811,43.0555
490.6167,228.8587,23.6971,43.0265
479.0245,230.5800,23.6339,42.5461
468.3831,234.5836,23.4669,42.0849
455.9281,235.3536,23.2242,41.7515
446.7667,238.4578,22.8039,41.4935
434.3180,241.2045,22.5421,41.0017
421.8862,242.8134,22.2992,40.6473
408.9243,242.6846,22.1273,40.3765
395.4740,243.7821,21.8240,39.8259
388.5463,244.9647,21.7463,38.8931
374.4839,246.1838,21.2880,38.2572
350.5914,245.8714,20.7875,38.0299
330.4171,247.6721,20.3897,37.6265
311.0879,248.4119,20.1969,37.2809
290.6961,249.0574,20.1321,37.1188
269.8664,250.0943,20.3353,36.4900
253.2062,253.2588,20.0558,35.8672
236.7591,253.2912,19.9071,35.5281
224.9399,257.8165,19.4664,34.6805
199.6669,253.4411,19.4189,33.9692
181.8716,255.1783,19.1619,33.2839
165.6702,258.2380,18.7995,32.7602
150.9738,258.2218,18.5898,32.3634
140.3461,258.4887,18.6739,32.0122
128.5033,257.2211,18.5750,31.6676
115.5174,259.0670,18.1062,30.7423
104.1112,266.0293,17.7619,30.0252
93.3242,263.2802,17.7012,29.8011
91.4361,263.6812,17.7680,29.8771
90.3811,262.9203,17.7323,29.8179
89.6148,265.3607,17.9106,30.0462
89.0836,262.9551,17.9497,30.2058
88.1548,265.1650,18.3683,30.8688
90.4667,264.9272,18.2213,31.2893
98.7481,266.9822,18.2631,31.1171
103.4432,269.3214,18.3608,31.2810
102.5188,270.8073,18.4836,31.6523
107.7877,275.5301,18.7032,31.9185
105.7852,277.1389,18.5362,31.7011
104.1080,276.9166,18.5857,31.5635
102.0465,275.4205,18.6621,31.4703
95.7303,270.4547,18.6690,31.4971
101.2510,271.6050,18.7402,31.3899
103.9272,274.6844,18.8446,31.7334
103.3598,273.9277,19.0710,32.2024
110.0235,274.9106,19.3874,32.5945
118.2389,277.2007,19.4409,32.6924
123.5899,276.3661,19.5796,32.7757
129.7582,275.3809,19.7351,32.7336
133.4750,273.0359,19.7550,32.7878
147.1871,273.8033,19.5795,32.5976
155.1088,270.3196,19.7462,32.2622
166.8173,269.0994,19.6454,32.1196
179.1955,269.7565,19.6328,31.9735
189.9619,268.1582,19.5421,32.0066
197.4103,269.4400,19.4376,32.2350
205.6422,269.3610,19.6814,32.5497
215.1830,270.8676,19.8605,32.5300
220.4011,271.1692,20.1030,32.9847
226.1651,271.7983,20.2305,33.3872
232.5562,272.1841,20.3176,33.8749
239.1384,272.0509,20.3157,33.7691
246.2960,270.9673,20.0831,33.6895
254.8745,270.1157,19.7925,33.4988
262.2463,268.1024,19.6082,33.2206
268.8445,276.3344,19.5397,33.0338
274.4197,275.3900,19.6993,33.2057
282.4006,275.2116,19.7616,33.1218
292.6800,273.4229,19.7178,33.5604
299.1651,274.2184,19.7895,33.4673
306.4044,273.2918,19.9204,33.4004
313.9935,269.4412,19.8004,33.5959
320.3187,265.2322,19.4696,33.3926
326.5077,263.1422,19.2685,33.2564
337.6607,266.1156,19.3101,33.4033
346.2534,265.6403,19.3162,33.4671
352.3445,263.3368,19.2260,33.3919
358.9600,262.9765,19.2267,33.3881
366.3079,262.4219,19.4030,33.6620
374.0678,263.6678,19.3795,33.7565
381.9139,260.9556,19.4393,33.7399
387.9766,265.3619,19.5955,34.0324
395.8806,267.0056,19.6027,33.9955
399.6133,264.1954,19.8695,34.1576
407.9280,260.8932,19.8694,34.0896
414.7076,265.8219,19.9133,34.3792
423.3129,264.4663,19.7332,34.8349
433.1343,265.3276,19.7953,34.8956
440.8702,263.8254,19.8668,34.9786
447.0314,262.4329,19.6164,35.3053
458.3276,261.2730,19.6296,35.4332
463.1730,263.8323,19.5995,35.5666
469.8778,264.6908,19.5723,35.8260
474.2267,266.7771,19.4747,35.6913
478.9624,269.3158,19.2205,36.3070
484.1765,271.1243,19.4484,36.9786
488.6172,264.4871,19.6413,37.4392
491.8542,264.3150,19.8111,37.8222
492.8471,261.2325,19.5621,38.3676
495.7526,265.6601,19.6135,38.4559
498.6537,255.8904,19.7666,38.5424
501.6457,248.1043,19.5930,38.7245
499.9781,245.9681,19.7126,38.6879
499.1661,249.1450,19.9428,39.1567
499.9382,255.4086,20.1820,39.5445
499.4754,261.5201,20.3644,39.5537
504.1037,256.5554,20.3370,39.9718
505.9311,253.3946,20.4152,40.0551
506.3806,262.4369,20.5070,40.1432
508.1537,260.8231,20.4898,39.9814
508.5503,260.1929,20.3264,40.1647
500.1364,262.9508,20.5824,39.8873
493.8694,252.0106,20.5131,39.7985
480.1023,252.9188,20.6531,39.4500
460.1378,263.5474,20.4261,38.9485
443.3344,261.4706,20.4389,38.6620
426.5955,259.0105,20.3892,38.5486
410.1600,259.6163,20.3338,38.7522
403.7337,257.3063,20.3863,38.5708
390.0812,259.1809,20.6638,38.5494
375.5851,263.3366,20.4991,38.3135
360.3689,262.2206,20.4228,37.7396
345.5338,269.5381,20.3762,37.2441
333.3406,272.0963,20.6666,36.5040
324.6896,273.7543,20.7504,36.0513
312.5732,272.4214,20.8894,35.7967
301.3355,273.6811,20.9134,35.6351
296.5409,273.3771,21.0028,35.7410
292.7203,274.4160,21.2885,35.4428
280.8335,276.9296,21.4726,35.2633
266.9725,279.0355,20.9712,35.4051
283.5778,280.3237,21.3598,34.8410
277.8572,282.6129,21.3506,34.7066
271.7802,285.8031,21.2534,34.5157
264.4191,289.4639,21.2798,34.5837
251.9532,293.0266,21.2723,34.6455
237.4633,298.5904,21.0285,34.3116
231.3000,292.8239,20.9962,33.7259
222.4200,304.1874,20.6970,32.9639
210.8455,304.1883,20.6043,32.9259
195.6118,298.9721,20.4684,32.4439
181.7822,299.3913,20.2737,32.1600
171.2954,298.8129,20.1133,31.8924
168.4622,297.1831,19.7203,31.3245
169.1510,295.8403,19.3038,30.7705
173.9600,297.2351,18.6289,30.5014
181.4163,300.1479,18.0050,30.1948
176.2262,289.6815,17.4923,29.9268
200.0253,306.3210,17.2201,29.4425
193.7032,292.8543,16.8658,28.8698
199.4151,291.7394,16.4141,28.2331
207.6643,289.9193,16.4787,27.6847
207.6321,308.8534,16.0895,27.6139
215.1108,313.8518,15.5536,27.3921
223.5080,314.7167,15.5855,27.2147
225.0383,319.2316,15.5855,27.0677
253.6728,312.6001,15.6607,27.0531
261.2321,313.4628,15.6785,26.5091
2
0
0
0
0
1
252.4452,295.1859,41.9618,43.1842
256.7902,296.4572,41.7370,43.0218
256.5486,297.5717,41.6695,42.7922
260.4117,292.9992,41.2708,42.3802
271.5422,297.0731,40.5827,42.4622
276.2065,297.8259,39.9229,42.3807
284.7862,300.3850,39.9140,42.3550
292.9924,297.8539,39.6987,42.5146
291.4109,300.1211,39.1946,42.1511
301.7831,299.5745,39.0351,42.2008
310.2952,298.4624,38.4323,42.2750
315.3206,296.7481,37.8322,42.5123
325.5321,302.0946,37.5607,42.3060
332.9795,294.8463,37.4471,42.3330
341.2564,294.4899,37.2831,41.6695
346.1132,295.6465,37.4982,41.2654
347.9992,298.4777,37.4493,41.1637
356.4879,298.2376,37.4516,41.4423
359.4915,298.3316,37.5905,41.2240
356.6732,321.3999,37.3084,41.1989
364.2278,308.2197,36.9429,41.1006
370.4240,316.3500,36.6843,41.0031
369.5681,308.4833,36.3724,40.6609
365.0684,306.4655,35.7636,40.2583
355.2523,303.8272,35.2812,39.5115
365.6859,301.2433,35.7078,39.0545
365.9153,293.4064,35.0664,38.1081
375.0392,289.1913,34.4942,37.1465
380.8220,283.7979,33.7091,36.0803
394.0962,279.9489,33.7525,35.5283
393.9349,279.3688,34.1117,34.6017
384.9816,280.0351,33.8370,34.1158
379.4195,280.1354,32.9917,33.8005
378.8869,277.2056,32.7698,33.8710
378.8887,273.3790,32.5084,33.7039
382.0915,275.0666,32.1101,33.3617
390.0049,272.5405,31.8655,33.1051
382.8362,275.6424,31.7544,33.0166
383.0859,278.0366,31.8350,32.9218
382.4141,276.0913,31.5248,32.6679
389.1819,273.7585,31.3151,32.7427
394.0547,270.0284,31.4093,32.6410
391.5522,278.3563,31.1499,32.5564
388.4955,282.2329,31.0522,32.4082
390.8461,283.8171,30.8591,32.0761
388.8814,284.0407,30.9823,31.6762
386.6405,296.3453,30.8457,31.5449
2
0
0
0
0
1
367.3694,297.6232,23.2478,33.8687
371.1432,296.8660,23.0237,33.6398
368.9644,298.7340,23.0782,33.7487
367.3748,301.6052,23.0459,33.5274
361.8822,303.3181,23.0275,33.3110
361.4666,301.9781,22.8696,32.5296
2
0
0
0
0
1
284.2099,300.5516,26.0386,18.1939
272.0408,300.8706,25.7269,18.1150
265.4156,301.4003,25.5318,17.9016
253.2392,300.2782,25.2132,18.0375
238.3999,303.6947,24.8648,18.0920
229.0772,301.6667,24.7415,18.0121
218.3308,300.4240,24.4244,17.7883
207.9504,300.5059,24.1802,17.8424
204.0530,301.4215,24.0569,17.7262
188.8088,304.8513,23.7859,17.4782
179.3690,308.5042,23.4065,17.2092
173.8877,311.2720,23.0010,17.2959
172.9195,300.9982,22.7437,17.3670
171.7567,303.5829,22.5686,17.0535
155.2159,301.4344,22.0772,17.1603
155.2887,304.6044,21.6966,17.5085
152.5794,305.2864,21.3189,17.8412
148.4930,304.3004,21.0640,17.8883
144.4871,303.7395,20.8461,17.7312
148.2660,304.1407,20.5233,17.8428
151.4952,304.5287,20.2420,17.7292
153.7453,302.5473,20.0609,17.5006
163.2038,302.8797,19.8938,17.6181
2
0
0
0
0
1
136.7690,299.2439,25.6305,53.0021
134.1104,299.5733,25.5688,52.6242
133.2804,299.1622,25.6304,52.1936
130.0006,298.1203,25.3065,51.4564
122.4020,300.9277,25.7266,49.8747
127.9592,303.7200,26.2802,48.9040
133.4157,303.0842,26.4087,48.4179
134.6738,305.3797,26.8061,47.3694
139.0852,306.8782,27.0685,46.8821
146.6161,296.5443,26.8011,46.4791
144.8327,310.0672,27.0332,45.5948
128.2761,300.0101,26.5413,45.3715
124.9157,293.6878,26.3941,44.8196
142.5300,325.0826,26.0556,44.0486
