1
294.5658,147.2088,45.3791,148.1399
292.8997,151.3793,47.6460,146.8071
295.4716,148.7417,48.5471,148.2372
294.3021,149.6994,49.5224,147.7176
294.2444,148.9269,50.2542,146.9058
295.0466,150.2152,50.5068,145.9377
295.3458,152.6881,50.4727,144.8677
294.5626,153.8939,50.1508,145.0822
295.1895,152.9706,50.0271,145.7763
293.7388,151.2801,49.5827,146.9653
292.0695,154.8133,49.2739,146.7987
291.1443,150.4834,49.0328,146.2312
288.3318,150.7696,48.8190,147.0088
285.6443,150.6133,48.6550,147.5149
283.2361,152.7604,49.1403,147.0416
282.3888,151.1308,48.8285,147.4160
278.6914,151.8643,49.5601,146.0298
279.4203,150.0713,49.6351,146.1605
276.5135,154.1797,49.6311,145.1362
276.6783,153.4918,50.2917,146.0023
272.2655,155.1174,50.5254,145.7659
271.6761,157.1413,50.3076,145.4057
271.0082,157.4438,50.2531,145.3996
270.7203,159.5489,50.9380,144.8648
268.5480,161.4503,51.9200,143.8646
268.8508,163.0849,52.0667,143.3387
267.3675,162.2309,52.5278,143.5926
266.3871,164.3525,52.4192,141.9997
266.2042,163.1913,52.4942,142.4784
265.1596,163.7704,51.5665,140.6279
266.3853,163.6683,51.4128,139.9794
262.6758,164.1234,50.7967,139.0920
260.2494,165.1943,50.9503,140.5021
261.9708,166.1292,50.9112,140.2881
259.5225,165.3587,50.0949,140.0679
256.8957,164.0617,49.5909,140.1323
256.9984,164.2726,48.9339,140.9108
256.6006,167.3492,48.2175,139.8711
254.3062,166.6741,47.5340,137.9464
253.1547,168.7964,46.7398,135.9162
252.1936,169.9419,46.2593,134.5540
251.3899,170.1140,45.8484,134.4315
254.3830,170.9528,45.6777,134.0413
252.3333,170.4745,45.1680,133.8100
255.3445,169.7063,45.2674,134.3278
254.2533,166.3763,45.2452,133.8379
255.0437,167.8067,44.8570,134.0596
257.7126,166.7693,44.6106,134.7356
257.6603,168.0977,43.9291,133.3055
256.8645,167.5392,43.7231,133.3362
254.4294,165.9952,44.0361,133.6191
249.8985,164.1576,45.2805,134.1987
251.9003,166.0907,46.1414,134.9843
245.2785,162.7678,48.0104,134.3658
248.5565,154.1296,48.4731,135.6528
243.5960,158.5460,49.0904,137.1293
246.2335,151.8161,50.0786,139.5010
246.8135,147.9423,51.8808,141.8140
247.8961,146.8529,53.8629,144.3872
242.0869,142.6770,55.0624,148.6434
241.0295,141.9729,55.6228,150.3589
244.1680,140.2450,55.8246,151.2995
245.0647,140.0222,55.6579,150.3576
246.7951,143.6324,54.9987,148.8936
246.2960,142.0449,55.7548,148.8094
248.5914,137.6299,56.3189,148.7846
245.8930,144.4839,56.7666,149.2361
247.6584,143.8319,56.1814,149.0573
249.1262,143.9647,56.4960,148.5715
249.9838,146.2569,57.5721,147.7401
249.3748,148.9133,58.1436,146.2518
236.8912,149.8354,57.5937,144.2079
238.3710,152.7993,57.2948,142.5839
239.2747,148.4294,57.2023,142.0979
240.1386,146.7995,56.9030,142.7487
240.8909,143.2000,57.3825,143.9597
241.5807,142.4434,57.4757,145.0111
242.8870,142.3145,57.2374,144.4439
243.7467,141.4519,57.1946,144.0668
244.9962,142.3526,56.5249,142.6850
243.5274,141.9508,56.4621,142.0856
242.9662,144.8879,56.5654,140.8154
241.9804,145.5092,57.6192,139.6917
240.1815,144.3979,59.0571,139.7709
240.4824,144.3663,59.3500,138.2487
242.1240,146.6075,58.9266,138.7979
241.6678,146.8978,59.5859,138.6383
239.4534,142.7166,60.7740,136.8456
241.6967,146.9262,60.2393,135.7248
243.9828,145.4611,59.9436,136.4130
244.0759,139.9473,60.6802,136.6527
245.8131,139.7939,61.3637,136.3639
245.9937,139.0502,61.9963,136.9641
246.4505,136.5810,61.8823,137.6989
249.8324,138.3197,61.7923,139.3469
250.4880,137.7014,61.5612,140.6076
252.3773,137.5567,60.7836,139.9301
254.5013,138.5038,60.5555,139.5992
254.5142,136.5583,60.5834,139.7775
256.8401,139.5546,60.2682,141.2766
260.2476,140.0883,59.2704,140.4027
262.4787,137.7700,57.1493,139.5467
270.4301,141.8270,54.6167,139.4497
276.6309,147.1477,52.3953,137.8923
272.6439,161.2559,50.8634,137.6507
268.5344,161.7749,51.5959,136.8379
2
0
0
0
0
1
278.3824,156.2053,48.6424,147.3963
282.9745,162.6285,52.9651,140.7549
285.8265,168.9113,55.5809,135.9022
289.4168,159.3759,57.7174,134.6989
299.3258,163.8954,59.9946,130.7903
304.6649,164.7894,61.7433,126.5213
314.1879,166.4989,63.1031,124.5335
323.1711,164.0353,64.1937,122.2347
329.1033,158.7769,65.6099,120.4109
2
0
0
0
0
1
282.1701,149.1653,43.1230,97.5578
281.2249,150.2751,43.4857,98.0096
278.8531,150.9383,44.7083,98.4907
278.5651,150.0972,45.5324,98.9835
276.7036,150.5331,47.0076,99.9990
273.0766,151.7320,48.3022,102.4948
271.1008,151.7276,48.9569,103.5671
269.9741,149.5892,49.5195,104.6515
269.6718,151.3808,50.0264,106.5101
270.4681,149.4110,50.0945,106.7167
270.1115,149.2504,50.5525,107.2915
270.9856,149.3918,50.7307,107.2981
270.8576,152.2010,50.5309,106.9212
272.0789,149.9743,50.0239,106.5239
271.7722,152.3728,49.5877,105.7378
272.1219,153.1635,49.0829,105.7332
271.6737,151.6523,48.7467,106.1869
271.8436,150.3815,48.5950,105.7451
272.9608,148.4178,48.6093,104.8377
274.3106,148.0940,48.0886,104.4163
274.8296,150.6374,47.3142,105.2361
275.5958,149.1025,46.9113,105.5585
277.0291,151.2793,46.3948,104.1270
278.2332,151.8100,46.1610,103.7736
279.0831,151.5407,46.1692,103.4261
280.2620,154.8028,45.8493,102.8641
282.2054,153.3536,45.8938,102.2412
280.6339,154.7077,45.5581,101.8635
283.5484,153.3708,45.1507,101.0477
280.9463,154.1791,44.9428,101.4185
280.7151,156.8340,45.1996,100.1880
278.3808,156.4154,45.0941,100.0856
278.8168,157.3361,45.0716,99.3377
277.8490,159.5326,44.7779,99.0807
277.5027,157.1328,45.0965,99.4210
278.1528,157.3204,46.4792,99.4440
278.8142,161.3877,47.3188,99.2352
272.6265,161.0348,45.8740,100.3446
277.0454,164.0083,47.2194,99.9320
278.9525,167.5217,48.5588,99.4310
275.2520,168.6634,48.6134,99.9163
279.8841,169.7778,49.2571,99.4305
283.9173,169.0833,50.1473,97.4836
287.5811,169.0576,50.8679,96.6481
287.3838,179.0365,51.6427,97.2317
284.4043,168.3147,50.8193,97.9952
287.1617,164.3416,50.6745,97.5894
284.4576,164.3736,50.8331,95.9622
288.0739,162.8931,51.3235,95.5042
287.2046,162.1636,50.7738,94.6376
287.5456,162.2720,50.2459,95.3719
287.9413,159.0204,48.9848,96.1207
290.1061,156.3041,48.1255,95.4410
292.2242,161.8672,47.9862,95.7962
293.6097,162.4778,47.3949,94.5900
294.8684,162.9314,47.0437,93.6783
296.6739,163.8248,46.1018,94.4294
297.1325,163.5296,45.6819,94.7256
298.6978,163.6232,44.7889,95.1503
297.6964,170.4342,44.3559,95.8513
298.8681,172.3068,44.3304,96.5507
299.7216,173.4693,44.5384,96.8302
299.2010,171.7942,44.8135,97.9281
294.2575,170.7749,44.3238,97.8233
295.6784,169.4650,44.5326,96.9889
298.0364,164.8328,46.0172,97.2909
297.3462,172.8680,46.9855,98.6927
298.3143,171.0557,48.7348,98.3119
293.1191,170.7017,48.7731,99.6697
294.3881,169.3039,48.8548,101.7612
294.4699,172.0827,49.2853,102.5437
290.8188,170.3229,48.1824,103.9223
293.8151,167.4671,47.7353,104.6936
295.6479,165.6852,48.1444,103.8462
298.2148,167.0729,48.0046,103.8067
300.3943,165.2388,48.0470,103.4157
302.9036,163.8768,47.4449,103.1136
304.1208,161.8031,47.1376,102.6973
306.0482,155.7815,45.7910,103.4291
308.2775,154.6995,45.7678,103.6791
309.6664,157.5993,45.8394,105.3813
311.3949,159.9364,46.0067,106.1999
311.3295,155.8957,46.9515,108.6797
311.7491,154.7860,48.2781,111.0858
312.7881,159.4742,49.5829,114.3306
317.1610,161.5009,51.2902,117.5724
323.0670,162.2268,51.8304,118.9000
320.1667,165.1616,51.9319,118.9777
316.4045,168.1005,52.0382,118.6179
312.9933,165.7095,52.8183,119.3546
310.4908,161.9060,53.1686,119.0250
298.2906,160.2025,53.6409,119.9857
295.5160,165.8621,55.7067,119.8559
310.3048,172.8464,56.1478,117.5636
312.1082,180.3631,57.6507,113.7553
311.7644,180.1077,58.1829,113.7731
307.0681,180.3206,58.4546,115.1647
310.9291,183.2876,58.3835,113.7371
310.2041,183.2794,58.9387,113.3424
310.9698,182.1259,58.8640,114.0821
312.0163,178.3988,58.4275,114.7120
312.6123,165.5467,57.9325,113.0925
313.8688,173.7913,57.7138,112.6557
315.2685,173.2376,57.3573,111.1173
316.9499,172.1770,56.4055,109.4152
318.1115,169.5593,55.6149,109.9877
320.7036,169.9850,54.1910,108.9074
322.6735,171.3253,53.1575,107.8365
324.9366,172.1496,52.4148,106.7862
326.0768,170.1420,52.0298,107.4444
329.4213,180.1629,52.0486,108.1258
329.3561,170.1649,52.8825,109.2919
332.5136,179.4998,53.7645,111.1493
335.8359,178.5225,54.5375,111.8169
334.2837,178.3315,54.1388,111.7638
339.3318,178.9529,54.7825,109.9031
338.1613,173.3779,55.1647,109.6665
341.2473,183.5333,55.7125,110.6074
341.9130,183.3061,56.8964,110.6927
341.3100,172.4664,56.7329,109.7760
342.0314,172.9280,56.3345,109.8528
342.2149,172.5278,55.7253,111.8241
343.8865,172.1869,54.7590,113.4050
345.3048,171.1032,54.6966,115.2829
348.4890,169.6492,54.5237,117.6638
351.2647,171.1629,54.7263,118.6917
354.1714,170.1823,54.5459,121.1592
357.6477,169.7922,54.3413,122.4304
361.1609,169.2979,54.6585,123.3055
363.5306,169.7422,55.0579,123.4621
364.8484,167.8352,55.6077,124.3328
367.7893,167.5443,55.5801,126.5622
371.6591,166.0006,56.2678,128.2238
374.5808,164.8528,56.8934,130.1813
378.3948,166.7419,56.9298,130.3914
381.7903,166.3849,56.5570,130.9575
383.2502,166.7458,56.3365,131.3396
385.6310,170.0184,56.1703,130.1331
388.5907,171.6038,55.1402,129.7175
390.3121,171.3746,54.1048,130.5102
393.7349,169.5962,54.2283,130.6561
389.8495,166.3540,53.6864,130.8683
395.3984,174.2553,55.2992,130.3929
392.3826,173.5614,56.8782,129.8015
397.1515,172.2902,59.0017,127.6489
396.3083,175.3881,61.0655,124.6039
397.4254,178.2944,63.4544,123.3353
398.1809,182.9948,65.1433,124.0619
399.3749,179.1917,64.7153,124.8618
404.5980,181.8850,65.5219,126.3276
407.2502,179.1337,65.3313,126.0743
410.3185,181.0617,65.2861,127.1959
415.3690,174.2196,65.7595,126.7932
418.3099,174.5603,65.5284,128.4519
420.9212,174.3799,64.9408,130.4157
426.1515,172.7041,64.9456,129.7843
428.1524,169.8530,64.8363,129.5383
430.9041,165.2492,63.8096,129.8234
428.7747,161.1423,62.3261,127.9476
434.4116,170.6526,62.1792,128.0148
432.7804,166.0648,62.5406,128.9934
431.5094,165.4050,62.3717,128.7434
431.1292,166.6252,62.9632,129.2213
430.0382,165.3281,63.0223,129.8716
427.6445,166.8887,63.5976,129.3046
428.5588,166.7819,63.5004,129.7017
423.9056,161.6602,62.4936,130.2926
425.5686,164.6637,62.0491,129.5724
420.2318,163.6079,62.5530,131.5540
418.0573,162.9199,62.2155,132.4499
416.3966,160.2831,61.4610,131.8154
414.3603,166.9985,61.8797,133.7224
410.8309,163.9957,61.8618,135.2003
407.2423,162.1295,61.8855,134.9241
406.4453,177.1037,62.2460,133.8928
403.1327,175.8846,62.0864,134.7350
400.4706,177.1222,61.6960,133.9564
398.7690,175.5347,61.7415,133.5045
396.0234,177.8363,61.2890,132.7549
396.1917,179.5313,61.3833,131.6370
396.2439,180.9019,60.9709,130.7884
396.2360,181.8025,61.0917,130.0853
392.1728,172.3903,60.9463,130.0070
393.0937,174.3837,61.0993,130.4090
394.6198,174.8712,61.4276,132.0108
394.3598,175.8905,62.2329,131.7650
396.3279,178.0285,62.0605,131.1103
396.6313,178.3492,62.0675,129.4304
397.6073,177.7510,61.1579,129.2110
397.2459,176.2669,60.7918,128.3734
397.1513,162.3880,61.0370,128.8606
396.9514,160.7578,61.5237,128.0154
396.3932,159.6339,60.8730,129.5048
399.5457,156.9078,61.4198,129.9979
397.8366,157.6938,60.3688,131.2447
399.0676,149.2019,61.2213,132.5978
396.5575,152.3775,59.3795,134.8230
401.0730,162.0517,59.8917,135.1167
398.0413,159.4380,59.4211,138.4391
400.3021,157.8034,59.9349,138.9781
399.6133,151.5835,58.5778,141.9668
399.1461,148.5131,57.7080,143.8527
399.2086,147.0194,56.4595,144.3047
400.4958,138.5046,56.7163,144.9507
399.9203,142.6163,55.0950,144.1542
400.1447,150.8689,53.7495,145.1044
405.5341,151.9637,54.3755,144.7072
406.2554,151.9199,53.2145,143.6225
406.7465,151.0097,52.0426,144.6539
406.9250,152.0941,51.1362,145.0280
406.9709,152.8253,51.3404,146.2193
408.1634,150.8704,50.7758,148.3879
407.5918,148.0862,51.1200,148.7019
408.9529,144.4072,51.1236,148.6534
412.1714,140.0028,50.7224,148.0377
414.8264,135.7370,50.5654,147.1404
417.0483,137.0168,50.0237,145.1835
410.8608,139.9397,49.5835,142.8014
414.7515,139.7535,49.9540,141.7519
414.3548,140.1556,50.0649,141.2547
407.9461,140.6975,49.3260,140.6747
409.6528,142.3072,49.3828,140.2888
402.6975,140.7675,49.1241,140.2084
403.1495,142.0563,50.6452,139.7565
396.4804,141.7679,50.9164,140.7907
396.7459,135.8977,50.8489,141.0633
388.0614,137.5498,50.2330,141.9252
390.6688,132.8676,50.7461,142.1596
382.8636,135.5728,50.1626,142.9836
384.8206,132.7208,50.6940,143.6657
381.5127,134.1140,51.6037,144.1155
379.6088,133.4694,51.7731,145.6469
377.1697,132.8501,51.7605,146.6620
374.4710,132.5268,51.8737,147.8436
372.7616,131.7116,51.7975,149.4215
371.1097,131.1477,52.1252,151.2518
370.1330,130.5655,52.4265,153.2402
369.1743,124.4274,53.1803,152.8066
368.4404,127.3374,54.0629,152.4832
367.6999,122.3018,53.9080,150.9330
366.4682,126.4481,54.0804,150.7414
365.6197,126.3658,54.2560,151.3470
364.4703,125.6526,54.7952,151.8932
364.2690,124.6530,54.7857,153.3383
364.0576,124.3806,55.1879,154.6495
362.5677,124.4529,56.3183,154.7394
361.5393,124.5443,56.7420,155.3767
360.2438,125.4020,57.5744,154.8917
358.0090,126.4926,58.3233,154.3736
356.1482,126.3167,58.5374,154.0320
355.4182,125.8390,58.8368,154.3915
354.4980,128.1483,59.7634,153.3992
354.0565,128.9118,60.5009,153.4559
352.6162,122.2889,60.9945,151.7095
352.1758,125.6896,60.7612,150.9741
350.3979,128.7299,60.8558,150.1017
349.3859,129.5792,60.7716,149.6943
348.3790,130.9210,60.6072,149.0610
347.9772,131.0124,60.1723,149.1868
346.9497,130.0787,59.4761,150.3470
346.0584,129.7531,58.0270,151.8274
345.5247,129.3781,57.4837,152.7507
344.4622,128.1303,56.4428,153.8304
343.5573,127.7263,54.7657,154.0704
342.7872,124.9691,53.7395,154.7975
340.8435,124.6184,53.0440,155.6482
339.1847,127.1642,51.9613,155.7776
335.3771,126.2618,51.4989,154.9212
333.7183,125.4555,50.7493,153.6832
330.5394,124.8511,50.4908,153.8528
327.8876,123.0081,50.1088,154.0466
324.3122,122.7497,50.2107,153.9951
320.7707,123.3716,49.8962,153.5696
318.5095,122.8585,49.3338,152.9866
314.7810,121.3957,49.2158,152.4485
313.0260,126.4196,49.5818,152.7584
308.8887,130.2319,50.5449,152.2322
304.4580,129.7439,50.4074,150.0318
302.4543,135.7736,50.1959,149.6213
297.7191,130.2898,50.7371,146.0340
295.6713,137.3285,50.8928,144.9674
290.0420,135.6655,51.5772,143.2682
289.0053,134.3966,52.2326,141.0403
289.3183,141.4984,53.1314,140.7904
288.9652,140.4225,54.4851,139.8867
289.6963,140.7684,55.9708,138.9857
283.8738,139.0730,57.7018,137.8400
280.0074,138.8588,58.9190,138.3196
280.1482,141.1707,60.0074,137.9456
275.1832,142.0429,60.3011,137.3381
276.6296,142.0755,60.4979,139.2472
278.7555,142.2557,59.8862,140.2224
277.1991,143.7307,59.4185,140.3323
279.2475,143.0340,58.4816,141.4957
282.8848,135.4022,57.0489,140.0318
281.4294,138.1638,57.4122,139.5811
280.9046,138.2439,56.6256,139.4695
280.2170,138.9055,56.9085,139.5202
277.2652,138.9310,57.8463,140.7263
276.1475,137.2343,58.0138,141.8766
272.6908,135.5266,58.8654,144.3308
271.4513,137.3628,58.9611,145.9568
271.0352,138.5384,59.5909,146.7328
268.7700,141.9800,60.9291,146.7474
266.5074,142.0617,61.9815,148.2038
265.8802,140.8494,63.6091,149.7680
264.9536,142.9629,64.6363,149.4426
262.6058,143.2843,66.5268,148.5780
259.7998,144.0776,66.9701,147.8740
257.9537,143.8968,66.9980,147.4119
258.9257,146.9574,66.4328,146.6568
257.0639,146.6520,66.3915,145.5969
258.0686,147.4485,65.7326,146.5343
260.8886,150.4941,65.7190,146.9478
261.7944,149.3774,65.6198,148.1260
262.7046,148.3550,65.1298,149.3125
263.5333,147.1241,65.2012,150.2201
264.4191,148.3923,65.7922,151.0254
266.1323,147.2357,66.1788,151.6577
268.0533,147.4583,66.0873,152.5975
270.2534,145.7724,65.5165,153.2754
273.6194,143.9326,65.3904,152.9138
274.5676,143.1385,64.4015,150.9640
275.8730,143.3731,63.4540,149.9312
276.2974,142.2933,62.8119,148.8849
277.8648,140.7308,62.0190,148.1033
277.5596,136.7417,61.6034,148.1284
275.8439,132.3760,62.3696,147.7203
274.9139,139.2107,63.8341,149.1405
274.8201,134.2148,64.9614,147.3997
273.8330,130.0031,65.7886,145.9702
272.3640,134.7551,66.8832,145.7155
264.2483,127.6763,65.2528,142.4005
267.7508,136.0016,66.1867,140.3212
276.0811,112.3901,66.1511,138.6552
263.9012,131.4464,65.8645,137.9585
256.1583,127.3902,65.3488,136.2216
255.1802,130.5488,64.5058,137.8849
253.6250,137.1547,64.0792,138.6334
250.3966,130.7010,62.8743,140.6811
249.2342,128.0211,62.3705,140.6598
247.5828,119.7818,61.8094,142.1690
248.2632,117.9688,60.9941,142.6064
246.3889,122.5722,60.8643,142.0583
246.5638,117.1769,61.9139,141.3635
245.4565,123.6835,61.4468,141.4258
246.3675,128.7606,61.3528,140.6795
247.8492,127.8402,60.8053,142.2090
249.0536,127.5311,60.6627,140.9578
250.4945,122.1327,60.6531,140.3714
258.3857,108.4693,60.8410,141.1407
264.2702,106.9937,60.6013,141.1221
268.2444,100.5899,60.5487,140.3999
262.3066,111.8463,60.7453,141.7488
267.5996,111.4980,60.3340,140.6361
262.7097,108.7953,59.7421,143.9907
267.0147,103.3772,59.4558,144.0766
261.4374,99.4814,58.8816,144.2939
252.1523,120.6828,59.0256,145.7879
252.4719,123.7556,59.9480,147.0195
251.2877,121.4510,60.0210,147.8333
249.7099,128.2423,61.7984,149.2756
255.4249,98.1239,61.3694,148.8929
244.2703,106.6436,61.3724,149.6765
241.6809,102.2788,62.6847,151.6046
242.2647,94.6783,62.9432,152.6003
251.5837,85.4425,63.1362,151.4065
246.8915,80.4229,62.6311,148.5418
236.1028,97.7294,62.4202,147.9286
235.6122,89.2636,61.8747,146.7334
235.9973,89.6717,61.5160,146.8222
235.0566,113.7908,61.1618,144.7160
236.7634,122.4660,61.0874,144.0901
237.9364,118.4464,60.3061,143.5740
239.2357,117.0736,60.7237,142.9719
237.9103,124.1434,60.4403,143.3280
239.3964,122.3290,60.8695,142.6671
240.4104,121.9128,61.1948,140.6193
242.2498,119.6121,61.7733,139.8138
244.5710,111.2706,62.2952,141.5004
245.6420,84.5220,62.8492,143.3823
247.0834,85.1215,63.8093,144.8842
246.3325,86.6929,64.7172,145.3807
243.8266,75.7395,66.0330,145.7638
244.2360,77.2449,65.9028,145.6774
246.1949,80.2469,65.3098,144.9085
251.6326,74.5471,66.1828,143.1443
248.9049,80.6446,65.9599,142.0255
249.2893,73.4263,65.4967,140.0521
250.5479,81.1391,65.6170,137.1490
251.2452,84.6303,64.9302,135.6031
257.2061,85.1415,65.2327,134.5515
255.1677,81.8796,64.9764,132.7121
252.4496,87.9787,65.0713,132.1535
252.5137,82.3945,65.2078,131.3439
253.6360,82.8288,65.4521,131.1701
253.3537,85.7619,64.9272,131.5616
251.3629,85.1737,64.4555,131.9763
250.9118,83.7758,63.5136,133.7720
250.9155,79.9574,62.8923,135.8338
250.6952,80.3622,62.9203,136.3164
251.2114,77.2189,62.6353,137.3065
250.4633,79.0050,62.7148,136.5838
247.6385,76.3987,63.7455,136.4743
244.2162,79.9508,63.2680,139.0316
242.2727,72.1579,62.7518,140.9503
239.7766,69.6513,61.9209,142.2791
238.5834,62.9802,61.6004,142.9086
238.1669,65.6602,61.1958,142.2038
237.1891,56.3198,61.3972,143.1391
236.0525,62.6327,62.5997,140.8510
236.4471,64.9575,61.9354,139.3963
236.1234,59.7090,62.2573,137.3403
235.3748,64.7202,62.1399,135.4854
235.4960,60.7050,61.7622,132.4650
236.0396,58.2719,60.8688,130.0166
238.3117,58.8115,59.9309,129.6244
228.8679,60.2116,58.2799,128.0886
230.3493,61.4615,57.1896,126.2001
231.1761,62.7135,56.6297,124.8252
229.8456,61.3724,56.5242,124.9891
228.4284,59.3669,56.6143,125.3907
226.0047,66.5285,56.7244,125.5869
225.3479,57.0286,57.1707,125.6562
224.4159,55.0687,57.4781,126.2368
220.9900,58.7312,58.2780,127.7077
223.9577,57.4980,59.4712,128.6311
221.1503,52.1182,59.9273,128.2151
226.6784,51.9511,60.6090,129.3741
225.6822,42.4893,60.1022,129.0867
229.9789,44.9167,60.3216,129.4253
235.1652,45.0811,60.6722,129.9689
228.8548,44.1116,61.3055,131.2412
224.9158,43.0134,60.6247,132.7376
223.9287,40.0266,60.2003,133.3012
222.2122,36.8627,60.1611,133.5948
221.8828,37.9741,59.4972,133.4682
221.5739,37.0384,59.2135,132.7706
219.1265,36.8208,59.4846,132.1350
216.6626,36.8117,58.6882,132.3870
214.4072,35.1683,58.4771,132.3992
221.0987,46.0531,58.8250,132.4906
215.7378,44.6188,59.0099,133.1871
214.6913,30.0447,59.1969,132.7706
214.8710,31.0726,58.9651,132.6249
219.7841,32.1624,59.5157,132.1721
214.2338,31.4159,59.9901,131.9918
217.8015,27.7618,61.8158,130.2367
212.5402,25.8690,61.3242,130.1581
217.8297,34.0343,62.0755,130.1698
225.3269,34.3363,61.6903,130.1429
220.4713,31.6327,61.0693,130.4818
217.5268,33.4946,60.3092,130.5946
217.1918,32.4614,60.1438,131.1015
224.1334,29.1928,60.7905,130.7385
216.3120,14.7660,61.6861,130.0596
220.6263,14.1226,62.6105,128.3014
214.9132,14.8216,62.6440,128.5470
220.0861,14.1850,64.1403,127.2872
224.8910,23.1323,64.9329,127.0246
218.3005,22.2864,65.3600,127.4664
221.9512,21.6214,64.9550,129.1044
216.7918,23.0000,64.0021,130.9803
219.5556,24.1946,63.0605,132.9276
222.4439,25.3718,61.6738,135.0597
218.3394,25.0838,60.2765,136.2136
222.2390,32.1200,58.9461,134.0587
219.9864,33.4346,58.2619,133.6961
223.8195,38.6149,57.3349,131.1662
226.5743,35.8448,56.6349,128.1205
224.0559,42.7249,55.2464,126.1561
220.7160,37.1838,54.5058,125.9276
218.0148,41.1738,54.2165,125.5001
224.0636,36.0239,54.1070,124.6474
220.3157,25.0357,53.5685,122.9048
223.0340,20.0416,53.7193,120.8654
220.2178,19.0740,54.2171,118.9789
223.9194,17.6384,54.5914,117.0938
219.1799,22.9347,54.4433,115.3680
224.6684,20.4438,54.6445,113.7486
219.8023,26.4973,53.5644,113.6130
224.5630,24.0625,53.5259,113.2554
221.0966,31.3631,53.0461,113.4313
219.0757,35.3235,52.9133,112.7430
224.9703,39.9795,52.5580,112.3812
225.4282,41.6795,52.1382,112.5338
227.0574,43.8034,52.0882,112.0768
225.7667,54.1427,51.9394,111.7429
242.5413,57.7077,52.6127,110.1058
238.7316,61.1898,53.5229,109.1699
234.6422,63.0088,54.4136,108.9722
229.6909,61.5299,53.9773,109.5254
234.6975,57.6397,54.2441,109.4366
241.0089,56.8314,54.6810,108.7053
247.0550,51.0738,55.1678,108.4997
240.7633,56.2999,54.9337,109.3742
249.7667,43.2915,55.2900,109.4128
244.0883,47.7378,55.3753,109.7328
287.2822,68.0879,55.0277,108.4468
297.8924,68.9746,54.7065,108.2942
300.8666,69.1729,53.9053,107.9740
303.4901,69.3456,53.4859,107.5437
304.9101,68.4680,53.2728,107.3433
310.8502,70.9313,52.5284,106.5131
315.7079,61.7014,51.8540,104.1795
315.6487,71.4657,50.8020,103.0939
318.6429,72.0356,50.2627,102.5007
2
0
0
0
0
1
263.7986,56.8246,41.1350,144.4850
264.0859,54.6195,41.5027,145.8060
265.3935,49.8502,42.4008,147.5816
266.9969,47.5257,43.4899,149.1463
269.4911,46.0365,44.6138,151.2561
270.8132,47.4882,45.1078,152.2604
273.0220,43.9120,46.4099,152.7271
275.1722,43.0409,46.7941,154.2941
276.4919,40.7869,47.3558,155.9428
278.7054,40.4578,48.0926,156.3938
281.1013,40.5380,48.8142,156.1361
283.3639,39.0684,48.6837,156.3309
285.9162,39.6689,48.6292,156.0757
288.5091,37.7481,48.7722,155.7298
289.8392,38.3812,48.7417,155.3501
300.6355,37.4896,48.3361,152.6126
299.7173,38.4852,48.1062,149.8729
290.5483,45.1921,47.4251,149.2059
293.8245,45.3178,46.7080,150.4184
305.2286,41.0087,46.5886,149.7122
303.4583,42.9710,46.5641,148.8097
311.6606,43.3805,47.2457,149.9396
308.3349,40.4520,47.0623,151.0171
306.5536,41.8693,46.4138,150.6320
304.4494,40.9789,45.6315,150.0634
296.7021,45.1756,45.5088,150.2834
300.9178,45.8847,44.7774,149.8475
303.9109,44.8498,44.2914,148.8939
296.8977,45.8107,43.8858,148.2536
301.3228,45.7759,44.0329,146.8505
303.9832,49.8360,43.6983,145.2482
307.8243,52.3179,42.8821,142.9282
310.4265,49.3313,42.3468,141.6609
313.6332,48.7675,42.3812,142.5280
315.9768,47.8819,42.1798,142.5086
317.5482,47.2244,42.7175,141.9860
318.3764,46.0035,43.2595,142.6833
318.8286,46.4709,44.1133,142.0836
319.9970,48.5686,45.0078,140.7500
320.1163,52.6203,45.3745,140.1956
322.4589,48.0188,45.3114,141.0757
322.8494,46.6406,44.5537,141.7312
318.1276,43.9395,44.9694,143.6020
326.0624,39.2752,45.2827,146.0353
325.0170,41.7076,45.4401,147.4865
324.2793,42.8691,44.8873,149.1147
323.7430,42.9623,44.7906,150.5838
318.7630,42.6707,45.5408,153.0923
322.0670,45.1577,45.2626,152.9552
323.1272,46.8406,45.7864,153.1238
324.5365,51.5345,46.4490,151.5435
325.9105,52.7145,47.2478,150.1001
327.2433,52.0351,47.1098,149.4742
329.9942,51.1908,48.2120,149.0061
332.4763,51.4610,49.4956,148.7479
335.6632,49.9934,49.2032,149.3561
336.1823,52.5760,49.0181,147.4159
336.5920,49.7873,48.5595,146.1419
339.6170,52.5737,48.3807,145.1841
339.8956,47.6207,48.1968,144.4128
342.0074,48.1182,48.0072,145.1257
341.4652,44.0758,48.2189,145.2803
343.0457,43.5426,48.1819,147.4201
343.2433,44.0173,48.0065,149.1759
350.5643,43.7423,47.4947,149.0614
348.2795,43.0614,46.5260,150.0218
339.6262,41.5636,46.8028,151.3225
348.3275,44.5762,46.3962,151.0648
347.7739,43.8195,46.0735,151.7204
341.7867,45.5351,46.0975,152.2412
343.5570,49.1591,46.1466,151.7444
346.9278,47.2146,45.8219,151.3477
340.5370,43.0047,45.6414,151.3148
345.0616,40.8940,46.0444,152.0008
348.0469,42.4265,46.5681,152.9007
349.2374,39.5293,46.7283,153.2883
351.0070,36.3360,46.8169,154.1127
352.7068,35.8602,46.2262,153.2546
344.8867,33.2431,46.2439,153.3673
348.5490,27.9499,46.3131,154.2921
351.4998,25.5932,45.9669,154.4896
353.7548,28.1914,45.8688,153.6757
345.4584,20.5428,45.1945,153.7002
348.7924,19.5870,45.4445,154.1166
352.7822,20.7110,46.1335,153.4234
345.3396,21.6488,45.8900,153.1603
349.8190,19.0745,46.3992,152.9200
353.4716,20.6396,47.0242,152.1599
356.6860,20.7216,46.5668,150.9134
349.9352,19.8504,46.6533,150.3691
354.5386,20.4599,46.5186,148.9500
347.9585,21.1121,45.5188,148.3347
351.1548,21.7272,45.0217,147.9558
354.4614,22.4791,44.1859,147.3799
356.8573,22.8814,43.7848,146.9082
357.6916,23.0281,43.2501,144.5338
359.2859,25.8330,42.6885,143.7827
352.3103,25.3626,42.7056,142.9263
356.0874,26.6634,42.2798,143.7366
357.7532,26.7104,41.5509,142.0942
359.9285,33.5931,41.2314,142.6089
361.4834,31.6115,40.6365,143.0526
362.8852,30.7394,40.0161,142.3605
362.9090,32.5735,38.9967,140.8024
369.5056,27.3594,38.8600,140.5707
361.5564,35.1059,38.7581,140.4763
363.9407,38.4406,38.3869,139.8568
372.0216,39.1729,38.1850,139.2973
367.7105,37.7148,38.1928,139.3677
374.2345,38.6499,38.5182,139.7494
370.3324,35.4299,38.7421,141.0031
367.7225,31.6961,38.6638,141.9253
367.3394,33.4358,38.1606,142.5633
367.8135,32.8574,38.1051,142.3285
368.1353,35.7201,38.2564,142.0357
368.1048,33.8611,37.9262,142.6572
368.9797,37.0709,37.7535,142.4249
369.2989,36.3229,37.9341,142.8399
369.5086,34.4470,38.0835,143.8978
369.6714,33.2878,37.7926,143.4174
368.8405,37.2516,38.3732,143.8115
368.2877,34.0848,38.9504,145.3401
368.4352,36.5246,39.6903,145.5250
367.1435,36.3774,41.1809,144.5741
367.2114,36.8604,41.6139,144.3956
366.2928,33.6782,42.4603,144.5997
365.5502,35.5705,42.1244,144.9095
364.7258,34.9855,42.4260,144.6854
364.6906,35.3286,42.5418,144.6119
364.7087,36.5047,42.7352,144.0527
364.3492,35.8637,42.6396,144.0411
363.3388,36.9080,42.6651,143.7158
362.9110,37.4593,42.4575,143.2560
362.5376,37.9942,42.4850,143.5452
360.2508,37.6345,42.6312,143.6693
358.6635,37.7937,42.2343,143.0323
357.4683,38.8402,42.4359,141.8769
355.7037,39.1979,41.8862,141.7736
348.1171,40.1679,42.0304,141.3372
348.8897,39.7226,41.5505,141.8467
349.2091,36.8477,41.7132,141.4549
348.1280,39.0518,42.0452,140.3273
346.9430,37.9942,42.0434,138.3862
344.7547,37.8325,42.2942,138.0564
342.4777,36.9471,42.1554,136.9847
341.9196,36.7787,41.5908,136.4642
335.3799,39.6157,41.4928,134.8293
336.0486,35.9401,40.9096,133.9460
337.7731,36.3536,39.7023,133.1418
337.1244,36.3715,38.9187,133.5820
337.4828,35.3917,37.9696,134.1212
335.7713,34.9938,37.8905,133.3466
334.3918,35.3075,37.6429,132.8126
326.6703,34.3486,37.8015,131.7440
327.2173,35.8660,37.7620,130.9301
327.5322,35.3437,37.2905,130.2297
327.5153,35.9525,36.9271,129.8477
326.3954,37.6154,37.2848,128.1267
325.0528,35.1138,37.0517,128.6349
323.6133,34.9463,37.1092,128.6136
322.1471,35.5623,37.3160,129.4774
313.9846,37.2726,37.5303,128.6437
314.7054,37.8226,36.8060,127.2179
314.9288,38.1038,36.4142,125.7538
307.9552,38.7441,36.1396,125.6374
309.1359,37.6869,35.7223,125.1364
309.5943,38.6681,35.5366,124.6261
309.1762,41.1793,35.1596,124.9047
307.6998,40.4769,34.9085,124.8436
306.3908,40.1413,34.8541,126.1605
305.4212,40.5460,34.8559,126.1545
303.8445,39.2902,35.1359,126.6808
301.4921,39.9087,35.2689,125.9324
300.1918,40.6847,35.2735,125.9110
298.7406,41.5607,36.1016,126.4660
298.4643,42.5368,36.0624,126.7372
296.2823,44.4989,36.3977,127.1098
294.8205,45.2966,36.9022,126.8052
293.2898,44.6726,37.1442,127.7470
291.6028,42.9403,37.8404,128.8447
289.6028,43.0469,38.3087,129.8089
287.8029,44.3133,38.6561,131.0893
286.8455,45.1854,38.7369,131.9189
286.1765,42.1466,39.1668,132.5149
286.7083,43.8950,39.2223,132.4483
286.2704,41.5326,39.0851,132.5182
286.6628,46.4083,39.1543,133.0614
287.3823,47.5517,39.1922,133.4348
287.7856,46.4566,39.1089,134.3598
288.8152,44.7758,39.9071,134.6862
289.2904,46.2077,40.3789,135.0873
290.3734,45.5538,40.7850,134.7383
291.5422,48.8486,41.2215,133.6984
296.6965,44.4464,42.3550,133.2649
294.3466,45.3836,43.4682,132.5654
294.8776,45.9592,43.1789,132.4608
295.6894,48.4869,43.6212,132.3719
295.5973,48.1553,44.1778,132.2068
295.0367,46.1109,44.6566,132.1072
295.1595,46.1367,45.6071,131.8713
295.7757,44.4266,45.9406,133.1602
296.5790,45.4212,46.4010,133.6599
297.5211,45.3468,46.6240,134.2269
297.9193,46.7160,47.1487,133.4029
299.1183,45.6460,47.2150,134.2701
300.4288,45.4078,47.3960,133.7000
288.5064,45.3762,46.7672,133.5537
287.8273,45.4472,45.4835,134.5643
281.8214,46.1665,43.9476,133.0538
290.1358,46.5434,43.6554,133.1536
282.7037,46.0809,42.8335,131.5418
285.7334,46.5502,42.1205,129.4227
289.0612,49.8416,41.2885,127.8023
292.5184,49.9051,40.4735,125.9870
295.3840,51.7266,38.9111,125.3741
298.3953,51.8016,37.9008,124.9029
301.4941,50.6022,37.1665,125.2725
303.6960,50.4299,36.0109,125.4892
306.0391,50.9235,35.3170,124.8895
307.8354,50.5658,34.9711,124.6329
310.0174,50.4559,34.7406,124.9554
311.7813,49.4640,34.5070,125.7205
313.4455,47.3480,34.2828,126.7393
315.5107,50.8221,34.1700,127.5017
318.0702,46.8149,34.3737,128.5396
320.9637,46.8943,34.3279,129.8033
323.7832,46.5752,34.1039,131.1944
325.5183,47.9483,34.1702,131.2976
327.4930,49.4092,34.2673,131.4199
328.9981,45.9988,34.6854,132.3587
330.3957,45.2986,35.0479,132.2245
331.6089,46.9407,35.9583,131.5368
333.4436,49.8891,36.6740,129.6267
333.8367,50.7991,37.2390,127.6481
334.6523,50.8318,37.0520,126.7945
334.8496,50.0751,36.9860,125.9382
335.1525,49.7239,36.6232,124.7575
335.7595,51.3165,36.5367,124.1496
336.9037,51.7417,36.3248,123.3822
336.6962,53.0032,35.8957,122.0406
337.0618,55.8009,35.9393,120.4334
336.6120,54.0714,35.6399,120.1807
336.4563,57.5025,35.8554,119.0378
336.8055,57.6199,35.9145,117.6770
338.2178,56.2644,35.6969,118.4011
339.4576,57.6799,35.5735,118.1477
341.9464,61.1276,35.1087,116.8759
344.0448,62.7027,35.2513,116.5253
346.4864,64.5070,35.0778,115.6304
346.7368,66.3927,34.7730,113.6520
348.1094,63.3921,34.5875,113.3117
343.5161,58.4768,34.8163,116.0003
347.1754,58.0933,35.0358,117.7883
350.0583,59.9191,34.6220,118.2547
351.9460,60.7082,34.4205,117.7020
353.2029,61.9179,33.9661,115.4919
355.1019,61.7535,33.3516,114.3989
356.8169,60.7981,33.3019,114.5522
364.3671,62.7049,32.9868,112.8945
363.6804,61.3558,33.4862,112.5587
368.9099,62.8649,33.7316,111.1588
369.9417,65.9859,33.9687,110.2429
369.8620,63.2979,34.0932,109.8585
379.8838,66.0443,33.7864,109.4956
382.6595,63.8083,33.2339,110.6280
385.1257,67.7198,33.2368,110.1791
386.9154,68.6742,33.0113,109.5893
389.5245,69.5967,32.8978,107.9046
392.1080,70.2920,32.6828,105.4387
394.8832,70.7628,32.5586,104.8317
395.5777,68.6964,32.8059,104.5663
397.2238,68.7152,32.4956,105.2894
398.5074,67.4873,32.3211,106.1504
398.9506,66.7187,31.9905,106.7611
400.0482,66.8611,32.0810,106.9490
400.6969,67.9941,31.9744,107.2064
400.9124,68.2374,31.8491,108.0104
401.3566,69.3764,31.6742,107.9736
400.5190,68.9101,31.7366,107.8925
399.5599,66.2417,31.5060,109.1251
398.8323,65.3504,31.3748,109.5760
397.6959,65.2926,31.6005,110.0199
397.0014,67.2982,31.4996,110.4605
395.8112,69.5326,31.6247,110.1276
395.7081,70.0615,31.7185,110.7302
394.3329,69.6692,31.6339,111.3711
393.1756,71.4206,31.6086,110.6434
392.0635,71.6576,31.7188,110.0512
391.0262,74.6608,31.8637,109.7271
390.0376,72.2583,32.2075,109.6485
390.6704,75.6033,32.3111,109.2929
391.2860,77.1942,32.6309,109.0828
392.2726,78.5038,33.5021,108.2590
392.4095,83.7661,33.5512,106.9733
391.9915,84.8335,33.8266,107.0775
391.4366,84.6665,33.7590,108.6890
391.9038,87.1132,32.9802,109.4528
391.2990,87.6627,33.0730,110.4984
390.8974,91.3187,33.2471,110.8361
391.2742,92.5091,33.6727,109.6472
391.3910,95.2184,33.8402,108.8761
391.1744,95.9104,34.1063,108.9447
391.6498,98.6555,34.7517,108.0424
391.5934,98.8487,34.7900,107.2261
390.5031,99.0475,34.8952,106.0915
389.3199,98.1124,34.6840,105.9331
387.9466,98.7473,34.5413,106.6216
382.8430,101.0206,34.3905,107.4517
389.9806,101.3164,34.0285,106.4488
388.5645,101.1937,33.4206,105.8470
387.7908,101.9900,33.0033,106.0608
387.8813,104.3387,33.1535,104.9870
388.9910,106.5463,33.0423,104.8343
389.2771,106.0292,33.0572,104.4899
390.8109,107.3360,33.1962,104.3495
391.8310,104.6825,33.4274,104.5117
391.5443,107.1806,33.1140,105.0271
391.2899,108.1769,33.1049,104.0040
391.2809,109.5643,33.0697,103.6702
390.9354,109.2947,32.7031,104.5098
390.8449,109.2895,32.6143,104.3757
390.5319,109.5186,32.5299,104.9868
390.5500,109.6843,32.1689,105.5862
389.8601,111.7274,32.3583,105.2323
388.6202,112.5932,32.7433,105.1545
388.2516,115.6580,33.4076,104.1716
382.4834,118.7313,33.4570,104.9408
384.0172,119.9578,34.0582,105.0418
384.1441,122.0879,33.9283,105.5700
384.8988,123.9410,33.4757,105.5988
383.7774,126.9226,34.0611,105.0047
384.3830,131.3504,34.0894,104.3652
382.8942,133.1931,33.9209,104.2255
382.8383,136.1835,33.8026,103.6636
383.2575,137.1425,34.0254,103.2573
384.2076,139.8611,33.6796,102.3979
382.9965,141.1125,33.5180,101.1482
382.6887,145.7017,33.7786,98.8672
381.8839,143.8596,33.7528,98.4496
376.6199,144.6550,34.2085,98.2622
377.0806,146.6877,34.3492,98.1118
375.1285,146.7958,35.3809,96.8145
373.3586,146.8104,35.2662,96.2998
371.7057,147.4419,35.4233,96.1697
370.3477,148.5370,35.7588,96.2474
369.2196,148.9150,35.6216,96.9881
370.0118,149.5602,35.4912,97.9061
370.9875,146.7198,34.8500,98.5011
369.8397,145.0440,34.4698,99.0676
368.0573,143.4434,34.2547,99.0964
366.5501,144.6637,34.1539,98.8293
365.1822,141.4675,34.0551,99.9198
365.0206,137.4621,34.2126,101.0951
365.0923,134.7939,34.4214,101.4006
364.5115,131.4341,34.2938,102.5503
362.7770,131.7857,34.3155,103.2210
362.0106,132.6137,34.6716,104.7113
366.9942,133.1318,34.2950,105.2225
360.9028,131.4153,34.8330,106.9907
359.6085,129.1452,34.8041,108.9221
365.6276,131.3418,34.4597,109.0741
364.7351,132.9308,34.3079,110.0632
365.6381,132.0645,34.9675,112.7192
365.7494,130.3632,35.4646,115.0086
371.4783,129.8517,35.7791,115.6055
369.3799,128.4014,36.0061,117.5929
368.7030,130.9981,36.2211,119.2028
369.2455,132.9163,36.4728,120.3811
369.6585,134.7372,36.9096,121.2364
370.6454,134.6049,37.1005,121.7052
372.2254,134.5659,38.0890,123.6357
372.9627,133.9225,38.5386,124.4186
373.0387,134.0910,39.1328,126.0210
373.5806,134.7280,40.0502,126.6171
373.7469,132.1724,40.3332,126.8883
375.1992,133.1451,40.8980,127.5347
375.2646,134.7946,41.3073,128.0266
375.0012,136.2923,41.9014,127.9267
376.6268,134.2035,41.8256,128.8747
377.6122,134.7872,41.5716,129.4193
379.5389,134.0839,42.2059,129.7669
381.8288,132.7404,42.8468,129.6518
384.2789,131.2559,43.3014,132.0679
386.3928,131.4362,44.0292,133.9227
388.2008,130.1872,44.4968,135.0775
391.1364,131.2724,44.6503,135.9474
393.1747,132.0105,44.5602,137.6427
395.2850,130.3166,44.9028,139.2399
396.7449,128.5463,45.0790,139.8285
398.5885,128.2246,45.4293,141.0020
399.2726,132.6926,45.9804,140.1400
399.4790,131.6004,45.9329,140.7687
399.6898,129.8478,46.4408,142.5178
400.6458,133.0374,46.7874,143.4383
404.1056,128.0823,47.3900,146.3682
397.7618,128.4176,48.3328,147.6234
401.5287,127.6042,48.6075,149.5148
400.0896,128.8784,48.5168,149.6810
401.0195,129.8188,48.1496,149.5075
393.6344,124.6169,48.8624,151.5615
397.1134,123.3946,49.2843,153.7852
400.3630,124.8801,49.3479,154.0884
401.4333,120.8310,49.3272,155.8198
401.0886,124.7461,49.6757,156.1424
401.0319,127.8231,49.7311,155.8448
401.1436,128.4605,49.7367,155.4195
400.6854,128.8586,50.2388,155.6269
401.1131,126.4572,49.7624,155.6641
401.4056,125.5420,49.4778,155.3104
391.8677,124.8974,49.9689,155.7925
395.5393,124.4341,50.1809,155.7907
399.3065,124.5668,49.8879,156.5694
402.7212,119.0618,50.5806,158.5569
406.1910,119.3580,50.8658,159.5548
408.1431,122.9861,50.3777,160.3647
408.5124,124.9646,50.5492,159.9401
408.7418,123.5923,50.8150,160.5768
409.3197,124.6652,50.3318,159.8580
411.5125,116.9704,50.8203,161.3838
412.7685,119.9315,51.3982,160.4365
412.8638,121.5985,50.9922,160.2490
412.7570,120.3813,50.4525,161.8053
413.8216,120.2538,50.1604,163.5123
415.8977,118.5311,50.9484,165.7593
415.2747,122.6315,50.7612,165.9383
415.3755,124.0305,51.7209,165.1142
417.4708,126.7969,52.5474,165.3565
419.8204,124.2960,53.7486,166.8482
421.2662,125.2686,55.6550,165.0372
420.6885,127.6931,56.1597,164.1070
421.6753,131.1009,55.8061,163.3511
424.0171,129.6160,57.2257,162.7748
425.1555,131.7825,56.7939,162.7322
428.0589,130.0497,57.6930,163.8425
427.6994,131.3560,57.4968,163.0561
428.8903,126.9983,57.4042,163.2097
430.6107,120.4723,56.9768,165.3901
431.8152,115.1843,56.9468,166.2079
431.3131,112.8774,56.4987,166.1416
439.8940,102.1471,56.9077,166.7205
437.2691,102.2208,57.3345,168.8055
434.6441,105.9830,58.0350,170.0044
433.4283,106.6366,58.3712,171.7322
434.4719,109.9175,57.7632,171.8804
443.4470,110.0338,58.0641,171.9086
439.8000,110.5331,57.2443,171.9025
434.9172,106.8538,56.7320,172.8938
434.2222,118.3095,55.6217,171.4663
443.5019,119.3476,55.1460,172.0446
438.2486,125.2253,54.9943,171.1908
428.4255,122.4250,54.7442,170.4590
430.8062,123.5870,53.9165,169.1289
433.3920,124.4898,52.8144,168.0271
433.1943,128.7004,52.2232,167.2536
435.0147,133.4583,51.2477,164.9395
435.7066,130.2148,51.2891,164.7885
435.5830,136.4985,51.0616,163.4714
434.3955,138.3725,51.6265,162.7919
433.9587,136.9732,51.3142,161.8352
444.1830,136.1271,52.2581,160.9502
442.6958,136.3389,53.0875,160.0418
452.8110,135.6433,53.5774,159.7454
450.0236,136.4196,53.3887,158.5503
450.0860,129.3030,52.8652,157.7669
448.2214,133.8887,52.2719,158.3358
448.5479,130.9964,52.2570,158.4841
459.8441,128.9250,52.2799,158.6862
457.4480,140.8173,51.8867,157.3379
453.1220,137.6165,52.5531,157.5604
463.4590,136.3535,52.9557,159.1157
463.5838,124.0192,53.3434,160.6105
448.8092,135.6879,53.5808,160.8981
447.6994,136.1477,52.9394,161.9440
447.2699,137.4713,52.3261,162.7843
445.1529,138.0322,52.3776,162.6645
443.1096,138.8716,52.3799,165.1800
431.8055,140.7896,51.5530,165.5994
421.7769,141.2381,52.2383,165.0519
426.1655,144.5943,52.9998,163.4788
430.5177,146.9976,52.0367,161.9015
431.3011,147.2321,50.9484,159.3950
432.4186,145.5927,50.4101,159.3062
426.0957,143.6783,50.6932,159.6438
428.7129,142.0529,49.4322,162.6869
428.9106,142.5114,48.0562,163.3176
430.5496,144.8704,46.6889,162.0778
431.3497,139.5930,45.4709,162.8610
431.3696,138.7321,44.7479,163.7710
429.7246,136.1173,44.7549,165.2497
427.0988,133.0881,45.0558,167.8067
424.6696,131.5003,45.0643,168.1660
422.4184,127.4010,44.9044,169.6027
414.1611,127.0761,44.5535,169.0018
415.6225,126.6549,43.6039,168.2383
415.8383,123.1814,42.6464,167.5392
415.5383,121.3460,41.6803,167.6646
415.7181,118.3080,41.2247,167.2870
415.4191,116.1497,41.4128,165.1059
416.5906,111.6724,42.0855,164.7148
417.9782,107.1575,41.5448,165.6204
419.9731,105.9393,41.5648,165.7229
420.5070,105.5462,41.8331,165.3780
421.6052,105.6990,42.4586,165.7637
422.1575,104.0684,43.5014,165.6040
422.3176,102.7035,44.4229,163.9669
423.3399,98.0264,45.5308,167.0822
422.9481,100.7075,46.0363,166.1391
422.6634,97.2460,47.0777,166.1017
421.6662,99.4781,47.5636,166.4489
420.9436,97.1774,48.8867,166.5019
421.1156,93.8907,49.7628,167.2428
420.6046,93.3763,49.8840,167.0481
420.0475,92.8549,49.8161,167.5858
420.1717,93.6691,49.8738,168.4620
419.6792,93.0339,49.2281,168.2248
419.6469,91.8517,48.9804,168.2866
419.7134,91.0164,48.6232,168.4407
419.7893,91.5053,48.8379,166.5997
420.1400,88.6252,47.7556,167.0313
421.0670,89.8887,47.9324,167.4478
422.0523,90.5479,48.0255,166.6573
423.0185,91.7245,48.9472,166.0121
422.4021,90.0034,49.6364,165.5736
422.9488,92.3178,49.7177,165.1583
422.8141,92.8472,49.9851,164.4189
423.0045,91.4060,49.8208,164.3744
425.8026,89.2010,49.4723,166.1734
425.9584,85.2972,49.3615,167.5782
426.5097,89.7112,48.4138,168.3837
427.4047,91.9552,48.3137,169.8171
426.8102,94.9498,47.4141,169.9754
427.2855,93.2128,47.1064,171.3042
427.9362,94.2322,47.2957,172.7535
427.7487,98.4851,46.9815,171.4126
427.3756,98.6904,46.5592,169.3684
427.9856,97.0030,46.6126,170.0908
428.3646,100.1324,46.6526,170.7691
428.8744,100.3063,46.8221,171.0382
428.7017,105.1882,46.6206,170.0428
428.6663,108.8805,46.2012,168.8005
430.1046,108.8956,46.5285,169.6293
429.1031,114.5797,46.0208,169.0750
428.5273,117.4089,45.8092,168.3611
428.5325,121.7775,45.3000,166.9043
429.0134,121.7010,45.5762,167.0632
428.1336,125.4339,45.8746,166.0230
426.3360,129.3130,45.7837,165.0411
425.7332,131.3894,45.8215,163.6720
424.7033,134.4092,45.2267,164.1242
423.7635,137.1131,45.3110,162.7805
422.8177,140.0536,45.9278,162.0928
422.2342,143.0290,45.9972,162.6713
421.3810,146.0770,46.3795,161.5173
419.9636,148.8546,46.3050,160.4515
419.9028,146.5229,46.4191,162.3547
419.9321,143.5815,46.5868,163.1918
420.3260,147.2136,46.1658,162.1828
420.6387,148.1665,46.2660,161.0462
421.4283,150.5047,46.3801,160.0899
420.7595,151.4177,46.4542,158.6754
420.8372,152.0711,46.1621,158.2991
420.9261,150.1257,46.3686,159.4170
421.4008,147.9164,46.4736,160.0558
421.7941,149.8534,46.2571,160.4162
422.4950,147.8438,46.0308,159.7224
422.7455,149.4811,45.3971,158.5047
424.3265,149.7052,44.5446,157.4167
425.6928,149.0224,43.9965,157.0987
426.7630,150.1758,43.3327,158.0010
428.0518,150.9171,43.0246,158.9462
428.6117,148.0450,42.6556,160.1431
429.2847,147.9326,43.1151,161.5130
429.9574,143.0329,43.3713,163.5155
431.0284,145.6461,42.9571,163.9462
431.8986,144.8251,42.5415,164.5432
432.6262,143.1000,41.7216,165.8818
433.0840,142.8246,41.4264,166.8955
433.3072,143.9840,41.1691,166.1437
433.1240,142.0542,41.1434,165.3087
433.1992,141.9256,40.7492,165.0057
433.2486,142.4858,40.7585,164.3827
433.3253,142.0072,40.4399,163.6308
433.7131,143.1675,40.3934,162.9991
433.5378,141.4962,40.3656,162.5768
433.3770,143.4870,40.0757,161.9413
433.0403,142.0530,40.0164,163.7669
432.5457,137.1388,40.2462,166.2742
432.0354,136.7422,41.0268,166.4009
430.3560,139.4051,41.4296,166.6382
429.3443,140.1397,41.7185,166.8814
428.2775,140.5073,41.6404,166.5760
428.7069,139.0888,42.0367,167.9067
428.8631,138.0147,42.3100,169.1558
427.6093,138.9480,43.8394,170.5177
425.8560,137.4015,45.1731,169.9617
421.7422,140.1142,47.5383,169.4920
419.6733,137.8001,49.9046,169.4793
417.4583,135.7675,51.8125,169.4117
415.6372,135.4970,52.3757,171.5293
414.9205,130.2484,53.8392,172.5128
413.7622,129.5216,54.8448,173.7822
413.6635,129.0130,55.8922,174.7461
412.8208,128.9784,57.2211,174.9081
411.6244,128.3561,58.0325,176.4599
411.4975,126.9475,59.2209,177.3318
420.8826,113.6183,60.2211,182.9889
414.8630,119.0899,61.7445,185.1319
426.0070,109.2471,63.2262,188.2476
420.8960,113.8037,64.4512,190.1635
420.5140,108.7395,65.3351,194.2852
416.0415,113.5607,66.3396,194.1448
413.5162,117.2585,66.8557,192.4107
413.4330,120.9640,66.6568,190.0320
416.1932,121.8135,65.8610,187.7822
417.4091,123.2029,64.7194,186.2661
417.9398,125.2980,64.1144,184.1973
418.2631,127.1035,64.0100,182.1462
417.3646,125.6631,64.1000,181.8602
417.1617,123.5020,63.5473,183.2318
423.8621,115.3693,64.2241,185.0798
420.4039,108.6059,65.0570,187.0575
410.0443,109.6249,65.4914,189.0859
419.2239,106.4814,66.1079,189.5939
409.4286,106.3649,66.3804,190.5682
417.6627,115.0695,66.1130,191.9747
414.9219,113.9469,65.0575,192.8383
405.9071,120.0637,65.0562,192.1040
415.7851,124.0954,64.3254,189.0254
404.7478,117.3624,64.1969,190.3257
405.1855,117.6106,62.3412,191.4822
405.6824,118.0587,60.3978,194.0661
406.7617,117.7644,58.1419,195.8797
418.1492,115.2077,57.1298,193.9575
414.7787,116.0006,55.1497,191.3496
401.2867,119.9791,54.6275,189.1666
403.1811,124.6109,54.3022,188.6161
404.5583,125.7016,54.1489,189.3297
405.2932,124.8376,53.6619,188.8480
404.3040,122.9835,53.4143,187.6386
403.5340,121.0424,53.2670,187.8366
401.9715,123.8757,53.4225,186.8216
403.3309,125.6661,53.4812,184.1886
403.8830,125.4813,53.7790,182.5675
402.8329,124.6267,54.2583,180.8300
402.1632,128.7609,53.7320,177.6045
401.4929,128.4404,53.8680,175.2272
400.8982,130.2707,53.1319,173.1297
392.7845,125.6682,53.5190,173.4516
385.6570,122.4907,54.1507,174.9211
390.5576,121.4722,52.3667,175.4229
402.9599,128.7891,51.0048,170.7769
400.7881,128.2893,50.1328,168.8538
398.6057,128.7688,49.7476,166.8893
399.1605,128.2048,49.3814,165.9312
377.0080,126.3297,49.7046,166.4603
366.6051,128.2281,49.1626,166.5485
367.7148,122.9331,50.4400,165.5904
393.2237,122.0214,52.3515,164.5806
393.6192,123.9948,53.0458,166.6657
391.4579,119.8072,54.1268,168.9491
389.4622,118.2915,54.8383,169.2198
387.5644,119.0691,55.5600,168.3193
386.2327,120.5458,56.7023,167.2295
383.1618,120.2274,58.2205,165.6577
377.0278,121.9616,59.6873,163.8559
372.8619,125.4922,59.7386,162.2899
371.7459,120.7943,59.4622,162.4358
369.9403,127.8436,58.9220,159.0799
361.5455,126.5657,59.0756,159.0972
362.4044,124.3343,57.0278,157.9170
372.3922,118.4532,56.4616,156.0581
368.2548,121.2559,56.0031,155.3472
363.2322,128.0652,55.3484,154.4991
362.8594,129.6242,54.7382,152.1674
368.8553,125.6288,54.4824,151.4191
365.4873,127.3843,52.9878,153.4215
364.2122,130.4308,52.1749,154.3065
364.4856,131.8212,51.7504,155.2714
365.0286,135.8028,51.6857,156.1016
373.6029,129.0494,52.0837,155.4311
371.1141,136.2987,51.7884,155.0244
372.3896,137.1785,51.9677,153.5701
373.4609,142.0279,51.4416,151.9565
376.1497,140.8264,51.6186,150.9449
377.7079,142.2256,52.2037,151.7354
377.2973,148.5515,52.2389,151.9015
378.2052,153.1813,52.7653,150.7544
381.0473,151.2498,53.0433,150.8502
381.5183,148.1543,52.9679,152.8826
381.4041,152.6840,53.3772,153.4254
381.9718,153.8278,54.4386,154.4395
382.9654,155.0705,54.3685,155.4789
381.3463,159.1327,54.2277,154.8036
381.3109,159.0705,54.5902,154.3049
382.3152,160.2946,54.7623,154.2679
384.1395,160.4261,54.0783,154.4431
385.7179,162.1164,53.7189,154.4155
388.1504,164.1100,54.0739,153.7178
390.2186,165.0366,53.9436,155.2985
391.1327,166.4215,54.5228,155.9491
391.7657,168.4582,55.4406,154.7031
393.2321,170.6901,55.1921,153.4978
394.0499,174.2641,55.4306,151.6416
394.3244,177.7168,54.9098,149.6741
401.8623,183.6777,54.7158,147.4202
399.8914,181.6999,54.4626,147.1582
398.2301,186.6100,54.4941,144.9558
398.4135,186.4439,54.5669,143.5788
396.5533,186.1847,55.4611,142.1553
394.8297,187.2339,56.6080,139.7311
401.7233,184.8221,57.3259,138.1145
397.7700,183.2427,57.6811,138.0995
395.5881,184.9632,57.4548,136.5909
395.0781,189.1214,57.4163,136.7426
395.2244,189.0459,56.4326,137.3463
395.4507,190.4133,56.6183,136.7292
394.5863,188.7650,56.0960,135.4433
393.7185,186.8674,55.7757,134.0976
394.0040,183.3716,55.0073,132.5688
392.5369,186.5492,55.3011,132.2031
391.0213,188.4406,55.7744,132.3361
389.6376,186.9713,55.6629,132.7621
387.5720,187.9103,56.0113,132.5841
383.6861,187.8266,57.1711,131.3458
381.0170,189.3751,58.8082,130.2095
385.4159,184.6386,59.7656,129.9737
380.0945,182.1985,60.2513,130.0381
375.4948,179.2307,60.8868,130.8392
375.3036,174.9983,61.0573,132.3752
376.0001,171.9803,61.5310,133.5387
381.7004,169.9915,61.1646,133.7776
373.2046,169.0181,61.2387,133.4612
372.7459,167.1569,60.4109,133.1708
379.4708,163.9492,60.1224,132.6490
375.9494,161.7539,59.1321,132.4846
373.6808,158.6480,58.1151,133.2711
379.6619,156.0826,58.2430,134.4735
371.7016,151.3913,57.6173,135.4468
363.9362,146.3165,56.9464,136.5738
366.7432,146.0042,57.3661,136.4056
370.9663,142.9953,56.5270,137.3973
373.3083,142.0379,55.9206,136.2978
375.2514,141.7180,55.4885,135.4210
384.5870,142.5819,54.3528,134.2592
376.5816,136.3234,52.9322,136.6780
380.9073,134.0331,52.3988,137.1866
383.3842,137.3229,53.0546,136.1890
385.1531,138.2170,53.0079,133.7352
372.9092,144.3069,54.6277,129.5331
372.7874,141.8836,56.3366,127.4283
375.1805,148.1511,56.5675,126.0888
355.3098,145.0219,56.6676,125.7623
378.2263,138.6841,55.5456,126.5176
379.3831,144.4857,55.8245,123.9787
379.2383,145.6902,55.7463,122.3361
380.0137,143.3833,55.0188,121.0710
381.4396,134.7382,55.5139,122.3581
378.4297,125.2051,54.3455,124.7179
377.4406,126.9610,53.0636,126.0783
378.3468,129.6311,52.6043,127.5086
377.4891,129.9099,53.0755,127.4897
376.7215,131.9220,53.5510,127.3265
374.9912,135.0025,54.4971,125.5281
372.8290,135.7095,55.5153,124.6731
366.6735,134.6763,55.0838,123.2405
368.4072,135.6254,55.2225,123.5436
368.2285,135.0906,55.1769,123.6941
367.1369,132.8453,55.3923,124.9359
365.3254,134.4572,54.4992,126.5908
371.1803,133.6344,55.3260,127.5918
366.4917,134.7354,55.2346,126.2891
373.7489,132.9046,56.1706,127.8369
369.7458,133.6947,55.9487,129.5182
365.0909,134.0374,54.7485,129.4429
373.9850,133.4155,55.0760,131.6053
370.2664,136.3336,55.4239,132.6083
366.3929,141.1297,54.2610,133.0213
362.9111,140.0641,53.3236,133.6838
360.8944,144.5073,52.2316,133.2787
359.4430,146.5947,51.8094,132.8963
360.7238,144.1888,51.2234,133.5937
359.3959,146.9572,50.9088,133.4288
366.3427,148.3050,51.2508,133.5939
361.4939,149.8512,51.6676,132.3506
358.0466,151.9899,51.4911,131.0114
364.1726,156.9519,51.6788,130.8158
361.2047,158.1137,50.6645,131.2929
359.3136,159.1579,49.8005,131.5422
358.0987,160.6468,49.0271,130.4646
357.1067,162.3847,48.2946,129.5272
356.5982,163.7603,47.6686,128.2167
356.1468,165.2754,47.5537,129.4066
362.0862,164.1481,47.7318,129.6169
358.9190,165.7226,47.4905,130.3365
351.3998,164.4378,46.6291,129.0897
358.1598,168.0741,46.4525,128.6604
356.0363,168.8199,46.6473,128.3497
354.6189,171.2826,46.3446,129.2795
360.6347,172.7368,46.4440,129.6564
357.2834,172.3992,46.2769,129.0150
354.0189,174.5055,45.7875,128.7003
352.9044,172.7450,44.6512,128.3609
351.9334,170.3613,43.9162,128.1291
350.1938,170.6269,43.2364,126.6595
349.4712,172.1918,42.3280,125.3554
348.4083,173.5445,42.1203,125.0651
348.1916,175.4867,41.8257,125.0764
345.8295,176.8670,42.6979,123.7752
343.6875,179.9611,43.3216,125.1519
342.4355,180.1547,43.9274,125.4694
341.2518,179.9071,44.6243,126.0349
338.8277,179.7283,44.5717,125.9539
337.7008,181.2640,44.9126,125.2493
334.8953,182.1034,45.0595,124.7560
334.6238,182.8868,44.7002,123.7380
332.9804,183.3314,44.9575,122.9171
330.9742,186.3144,44.4943,123.2315
330.0715,186.3902,44.3209,122.9923
327.5476,187.9758,44.5690,122.6695
324.9196,189.8166,45.1279,122.4010
323.6796,188.2516,45.0343,122.6158
321.2755,188.8037,45.1020,122.3936
318.8635,190.9915,45.3373,121.6293
318.0457,191.8101,45.7239,121.2749
315.0327,193.0326,46.2954,120.7473
312.8418,193.6139,46.6003,120.0950
309.8895,194.7807,46.6591,119.2432
306.8712,194.8101,46.5112,119.2924
304.7939,196.3879,46.3088,118.9667
298.4890,192.3655,46.3195,119.3627
297.9589,193.4330,45.7226,117.9204
296.6925,194.9449,44.9891,117.1419
295.2673,193.4781,44.7379,116.7457
293.0624,196.8216,44.1760,116.0038
289.9954,196.0587,44.6500,115.5185
287.5595,198.4699,44.5576,114.7060
284.9418,197.5683,45.1219,114.0655
283.3588,195.3735,44.7498,114.8282
280.7662,196.5224,44.2659,115.2473
279.8280,195.1009,44.2940,115.8951
277.3289,194.3599,44.2414,116.1107
274.1669,196.8070,43.9315,116.2281
272.4340,198.0974,43.5495,115.7596
269.6873,196.9841,43.5088,115.8319
267.0855,198.1025,43.3105,115.9742
264.5196,196.8417,42.9629,116.4257
262.2843,198.1441,42.8192,116.4395
255.3623,197.6348,43.0775,116.6736
256.2866,198.7489,42.5936,117.0620
254.9501,199.6109,42.8364,115.5667
248.5108,200.3790,43.0585,115.6775
249.1571,201.0107,43.0847,114.6217
252.9943,201.6823,43.9049,117.9501
249.4818,201.5155,43.8925,118.5007
246.4931,200.7740,43.8778,117.9946
243.7116,201.5372,43.9570,118.3489
240.2812,201.4937,44.3494,118.1089
237.3276,202.3770,44.0062,118.1707
235.4060,202.6551,43.5566,117.3280
