1
81.1979,145.9240,27.2739,24.9048
81.3370,147.1920,27.1174,24.8355
81.9380,145.7933,26.8778,24.7140
81.8361,143.9990,26.6652,24.4587
80.2663,142.0418,26.6030,24.2867
79.5701,141.2661,26.4712,24.0044
78.8913,139.5793,26.4097,24.0282
79.2256,136.0153,26.5474,24.1242
78.7971,135.1449,26.5356,24.2063
77.8267,133.4035,26.5590,24.4810
75.2680,134.5957,26.7376,24.6472
74.3925,133.5956,26.9473,24.7954
74.8330,132.1743,27.1871,25.0289
76.2552,127.8853,27.3667,24.9326
74.6806,126.5867,27.2707,24.8458
75.4893,122.7381,27.1821,24.9701
74.9894,119.3679,27.1548,25.0064
74.3497,115.2017,27.1409,25.2215
73.8876,111.7584,27.2418,25.3327
75.5482,106.8048,27.3768,25.2668
74.7020,105.5376,27.3426,25.1924
73.5391,103.1083,27.4610,25.3015
74.1645,100.7931,27.5534,25.1173
74.3838,98.4424,27.4961,25.4621
73.2816,97.9110,27.4177,25.6458
74.6668,94.2398,27.4924,25.8173
76.6062,92.2034,27.4890,25.9892
78.7252,89.2301,27.5857,25.9166
80.8763,86.3250,27.6160,25.8062
82.7125,84.4056,27.7119,25.6195
82.4019,81.6935,27.2732,25.6527
83.9628,78.4133,27.5401,25.4847
84.5863,75.2369,27.5929,25.4753
84.7563,73.3091,27.6119,25.4848
84.3094,69.4320,27.2786,25.5105
84.4141,67.3803,27.2219,25.3726
82.2821,65.1608,27.0852,25.2249
82.6639,63.2588,26.7955,25.0345
79.0970,62.5929,26.7333,25.1475
79.9866,59.8690,26.6609,25.1390
81.8610,57.4701,26.6153,24.8058
81.8073,56.3796,26.2998,24.4769
82.5981,56.0376,26.2087,24.2400
80.8734,55.5252,26.1239,23.9325
80.9700,55.4078,26.0396,23.7390
79.6797,55.6728,26.1443,23.8454
78.8052,56.6457,25.9832,23.6743
79.0497,58.6631,25.9655,23.6270
79.4354,58.6357,25.9414,23.4526
80.1164,60.3015,25.8169,23.2057
80.0163,60.5642,25.7992,23.0021
82.4648,58.6885,25.5128,23.0187
80.2637,64.7507,25.4452,22.9062
81.0525,66.2754,25.5474,22.9069
85.1760,65.5644,25.4415,22.8782
84.1353,70.2841,25.6131,22.8266
84.9389,72.7326,25.5149,22.7941
85.1535,75.3360,25.2553,22.6896
91.5098,75.1690,25.1226,22.5687
90.6223,77.9516,25.1098,22.4818
93.3169,77.5248,24.8975,22.4162
92.2653,79.5823,24.9568,22.4408
94.3175,79.2506,25.1108,22.2689
106.5567,72.5283,24.9461,22.0444
97.9194,78.0947,25.2483,21.8545
97.2870,79.8243,25.3467,21.7462
99.8188,79.4231,25.3372,21.5223
100.2255,79.1049,25.2235,21.2115
100.6216,81.1692,25.0567,21.0780
100.9080,80.7226,24.8149,21.0678
101.3817,80.5937,24.4938,20.7545
97.7084,81.8213,24.3077,20.6273
103.1261,80.9647,23.9203,20.9933
102.2985,80.4761,23.5417,21.2545
101.5655,79.8013,23.2617,21.3504
101.0717,79.6545,23.1574,21.2941
103.3083,80.1711,22.9035,21.1682
104.7588,79.8072,22.8895,21.1060
103.5974,79.5228,22.8657,21.0559
99.1573,77.9319,22.8378,20.9824
103.6051,79.6797,22.8845,20.8954
99.9621,76.0574,23.0691,20.6931
104.5146,78.7195,22.9404,20.5846
103.9315,78.1181,22.9090,20.4101
100.1386,74.0294,22.8980,20.4339
99.5365,72.8391,22.9399,20.3829
104.1012,77.0578,22.9298,20.3337
105.5687,76.1595,23.0018,20.2015
99.0499,75.1207,22.8298,20.4625
101.0013,76.3858,23.0194,20.6399
111.4419,73.6226,22.8902,20.6254
105.3528,75.4884,23.1076,20.4801
107.8624,74.4719,23.1540,20.3728
107.8918,73.9103,23.0850,20.3958
110.1423,73.2407,23.1135,20.3517
107.6193,75.1682,23.0102,20.4216
100.3943,81.9604,22.4598,20.9068
100.6420,81.4596,21.8851,21.5501
101.2188,80.7323,21.5951,21.9952
101.0728,74.6230,21.4639,21.9991
101.8682,82.8907,21.3408,22.4027
103.0544,81.8879,21.1870,22.7309
103.9670,78.9729,21.2015,22.8684
102.4798,81.2162,20.8713,23.3847
103.7760,79.4957,20.8070,23.3670
103.7993,80.7434,20.6561,23.1849
102.3706,81.6555,20.6985,23.1513
102.2596,80.9396,20.7592,22.9739
103.3566,80.6235,20.8606,23.0848
101.1844,81.2278,20.7451,23.0828
101.0717,81.8699,20.7411,23.0270
100.3704,80.5120,20.7845,22.7141
107.1828,70.4197,20.9526,22.4838
2
0
0
0
0
1
110.6534,78.8287,22.0405,27.9555
110.8467,79.8521,22.2776,28.2507
112.0160,80.1177,22.2354,28.3608
113.4951,78.3210,22.2199,28.3931
112.1054,79.6001,22.1766,28.3423
111.9043,80.2713,22.3256,28.5008
111.5322,81.2062,22.2666,28.4807
111.9461,81.3292,22.1728,28.4458
110.7644,83.0444,22.2636,28.5069
110.4463,83.5221,22.3422,28.5653
109.9823,83.7922,22.3085,28.4843
108.7909,84.4371,22.2595,28.6748
106.9563,83.1310,22.0311,28.3817
108.8610,86.6201,21.4755,28.6772
110.9986,90.6024,21.1278,28.6212
109.2915,92.5226,21.4733,28.4657
108.6415,93.2265,22.0768,27.8060
108.3700,92.3080,22.1685,27.5997
105.6532,94.4396,22.2035,27.7699
106.3172,96.3092,22.1174,27.8066
104.2043,96.7965,22.2008,27.8978
107.9608,95.0886,22.2480,28.0227
105.2554,96.0733,22.4338,28.0199
106.8642,96.1274,22.5163,28.1240
110.8208,91.4510,22.6944,28.0575
113.8924,90.3839,22.8187,27.9111
117.4995,87.0201,22.7845,27.8799
121.8945,84.6355,23.0142,27.9713
122.5838,84.6297,23.3021,27.7386
120.2610,86.3350,23.5036,27.7267
119.1273,85.2556,23.6577,27.6668
115.7248,87.1790,23.8913,27.6707
116.2385,89.7883,24.0587,27.4048
117.8278,86.5905,24.4470,27.1059
116.9850,89.0548,24.6289,26.7351
119.5460,86.1279,25.1701,26.6722
119.1550,86.7348,25.4749,26.4542
123.3990,80.8920,25.6457,26.0250
125.0213,80.3217,25.7702,25.3562
124.4311,79.1136,25.7935,24.9403
124.0113,79.4641,25.9041,24.8145
123.7754,79.4323,26.1361,24.8572
123.2607,77.6651,26.3060,24.3845
122.6233,77.9154,26.6601,24.0212
127.5053,76.8543,26.8199,23.6158
126.6711,77.6351,26.7096,23.2723
125.9225,75.8007,26.8188,22.9160
126.2859,77.0314,26.9982,22.8278
128.6763,75.9328,26.8734,22.7565
126.3623,75.8022,27.1419,22.8675
132.4385,74.4857,26.7361,22.8579
132.0459,75.3867,26.5558,22.9032
132.4067,73.9958,26.4407,22.8716
135.0393,73.5642,26.1742,22.7908
135.3718,73.4706,26.0754,22.7875
135.2864,71.7853,25.9842,22.8769
135.4241,71.1331,25.7303,22.9609
138.0626,71.7028,25.6974,22.7679
140.3478,73.2133,25.7414,22.9761
139.8746,71.8409,25.8048,23.0300
139.8282,73.2992,25.6365,23.1846
139.5348,73.8688,25.1728,23.3956
137.6523,74.1244,24.8413,23.3683
138.2411,74.8204,24.4604,23.5027
141.9393,75.2369,24.3574,23.3207
142.1881,76.4175,24.1762,23.1783
143.0374,77.2459,24.0846,22.9947
143.9038,77.6528,23.9697,22.8633
145.4267,78.6759,24.2207,22.7855
146.7071,78.6456,24.9021,22.3521
163.3081,57.3199,25.2994,22.1081
161.5481,59.2936,25.3657,22.0573
157.6234,59.4262,25.3783,22.0677
155.9183,59.3534,25.3182,21.9570
2
0
0
0
0
1
137.5241,94.9013,40.3061,24.5400
136.2418,94.9246,40.0178,24.5799
135.0282,95.1224,39.9350,24.4769
135.3232,94.4739,40.1392,24.7155
132.7996,94.2637,40.3050,24.7740
130.7846,94.2105,40.1003,24.7266
129.9599,92.1623,39.6005,24.4808
131.2740,93.6881,39.4060,24.5114
132.7102,96.9716,38.9595,25.1339
129.2557,93.8402,38.4738,25.3344
128.0264,95.3424,38.1833,25.3184
123.5126,96.4985,37.7093,25.8278
122.9801,104.6061,37.6054,26.2735
121.3717,108.5032,37.1871,26.3684
122.7855,115.3475,36.2874,26.9717
115.8196,114.6583,36.0464,27.4405
123.7178,119.8201,35.2950,28.1167
121.7809,112.6852,35.3196,28.1417
115.8631,112.0851,35.0488,28.0434
125.0546,117.0420,34.1895,28.9553
125.0274,113.9823,33.6895,29.4379
122.8503,115.0737,33.3573,29.6863
120.2702,113.5866,33.2769,29.7260
123.3548,116.5630,33.2942,29.7952
116.0619,113.8621,33.5939,29.5015
115.5574,115.0624,33.6153,29.6167
113.7925,112.4242,33.6606,29.3742
115.0978,114.3485,33.5480,29.3973
115.4058,116.8576,33.5643,29.3967
112.1410,115.6666,33.1774,29.4222
109.4303,115.3478,32.8430,29.5066
105.8063,121.4787,32.4468,30.0062
2
0
0
0
0
1
133.6014,81.0167,26.7938,29.9810
135.5312,80.1348,27.0651,30.1250
136.2365,79.8321,27.2112,30.2950
136.6443,80.0676,27.3377,30.3571
139.5586,78.8734,27.2536,30.4014
140.6484,77.9096,27.4388,30.4215
144.0999,76.9314,27.7701,30.1985
146.7531,76.8187,28.3026,29.7103
148.4678,76.1768,28.7834,29.8058
151.0937,73.8936,29.6050,29.2313
153.7473,73.5708,29.8912,29.0414
155.0472,71.2425,29.8795,28.9400
156.1421,70.4886,30.0138,28.7727
156.1807,70.4800,30.1571,28.6301
155.6328,70.2439,30.2105,28.6023
156.6247,67.8279,30.4724,28.6421
155.8170,68.6805,30.4594,28.5710
154.8869,67.6985,30.4138,28.6308
154.4840,65.8400,30.4701,28.6778
153.7751,64.7324,30.7366,28.8023
154.7772,62.0744,30.8050,28.9661
155.7170,61.2768,30.8337,28.9969
156.4025,59.9911,30.8228,29.0023
156.9882,58.9017,30.8404,28.9488
158.0269,57.6857,31.0012,29.0469
160.1846,56.0525,31.0242,29.1902
161.3276,53.7300,30.9798,29.3930
163.8053,51.9306,31.1470,29.3827
165.6019,49.4885,31.1320,29.1794
166.5216,47.9834,31.0437,29.3410
167.9150,46.0320,30.9398,29.2500
169.5838,45.2962,30.9476,29.3337
169.3574,44.2243,31.0569,29.2695
170.0339,43.2851,31.2019,29.1701
167.9243,44.1113,31.3513,29.0513
168.5094,44.2349,31.2968,29.0624
170.2062,43.4238,31.5311,29.1030
170.5487,45.7501,31.6445,29.1302
170.1528,44.8315,31.9902,29.2412
168.9630,46.7577,32.0578,29.2579
170.2226,45.3084,32.2646,29.1998
170.7789,45.2219,32.5418,29.1441
169.2528,46.3437,32.6865,29.0374
170.6260,46.4967,32.9181,28.9058
169.0916,46.9566,32.8991,28.9308
170.8193,46.7753,33.1306,28.8062
168.8895,47.6999,33.0574,28.7496
170.0807,46.4684,33.1600,28.8665
170.2549,47.8577,33.3736,28.9360
169.7763,48.3982,33.5972,28.9749
169.8634,48.9917,33.6336,28.9982
170.2281,47.7455,33.9906,29.2250
170.4738,48.2566,34.2352,29.4217
168.5762,50.5729,34.2310,29.5782
169.2622,47.6390,34.3748,29.6686
167.8141,50.9886,34.4923,29.4922
166.5516,50.0911,34.6028,29.3209
168.1216,48.8082,34.8202,29.3862
166.3495,48.2615,34.8812,29.2100
166.6171,47.6317,35.0273,29.2871
166.9869,47.8794,35.3631,29.1993
166.5347,48.6102,35.4429,29.3198
167.8735,48.0860,35.5549,29.1786
167.7379,48.6416,35.3558,29.2162
167.8495,47.5553,35.5566,29.0526
167.8810,47.5401,35.6294,29.1665
168.0171,47.2129,35.6946,29.0096
169.3308,47.1237,35.6999,28.9656
167.8594,46.8663,35.8103,29.0705
168.8394,46.7124,35.7217,29.0551
168.0121,47.3050,35.6231,29.0594
167.9831,46.8136,35.5704,29.1187
167.2451,46.1098,35.5504,29.1081
167.4615,46.5746,35.6143,29.0737
167.5481,45.0875,35.5401,29.1313
166.5515,46.0530,35.4990,29.0374
166.4241,45.2473,35.6150,29.1551
164.7128,45.8318,35.6346,29.2340
164.9452,45.7253,35.6460,29.2805
165.1167,45.6296,35.7421,29.4960
164.2381,46.5726,35.7229,29.4579
163.7136,46.2589,35.7756,29.5770
163.0923,45.9756,35.7752,29.4629
163.6642,46.0734,35.6766,29.5605
162.2411,46.9457,35.5427,29.6376
162.5685,47.8295,35.9495,29.8141
160.4818,49.2011,36.0943,29.9064
159.3433,49.5471,36.0523,29.9252
157.7414,49.6777,36.1607,30.0594
156.9715,51.3431,36.1238,30.1505
156.5448,52.9083,35.9401,30.1367
154.9512,52.1623,36.0182,30.2858
154.3495,53.1115,35.9392,30.2406
154.5478,53.4065,36.0950,30.1620
152.8980,55.0253,36.1001,30.2554
151.7174,54.5197,36.0514,30.3836
150.4807,54.8192,35.7220,30.3416
151.0014,56.1907,35.2845,30.0210
151.0011,56.4936,34.9753,29.5742
149.4855,58.1851,34.4336,29.2501
149.1195,57.8231,34.0167,28.4720
161.7131,54.3068,34.1190,28.3650
161.6696,55.8902,33.8790,28.2058
160.3548,54.8798,33.8648,28.5290
159.7414,56.3547,34.1800,28.5860
158.9942,57.4116,34.4817,28.4034
158.7709,58.7901,34.4677,28.0343
159.0163,57.3877,34.0672,27.8989
158.3156,56.7454,33.9021,27.7485
157.0258,56.6927,34.1933,27.3361
157.1475,57.3608,34.3677,26.9423
156.5300,56.9758,34.4459,26.7238
155.3106,56.6565,34.6405,26.8518
146.2988,60.2845,34.8379,26.7098
145.1787,60.8326,34.8680,26.5703
145.3017,59.5359,35.0839,26.4046
145.5244,59.2005,35.1391,26.1735
145.5674,59.4629,35.2216,25.9453
144.5585,59.6307,35.2593,25.6597
143.7301,61.3410,35.0256,25.5771
154.9546,58.6443,34.8880,25.6976
154.9162,60.2178,34.6352,25.6189
144.2947,65.9240,34.6369,25.6043
142.5218,67.9725,34.6150,25.5477
143.9058,70.2237,34.5524,25.4087
142.3861,72.0732,34.3295,25.3866
143.4067,73.8629,34.2737,25.4203
143.1081,73.8005,34.4260,25.2591
