1
529.2263,76.1788,52.5093,33.5601
525.0576,78.8492,52.7077,33.7705
521.1245,78.8082,53.3508,33.8199
516.7380,81.5134,53.7159,34.0354
511.8856,83.7776,54.0763,34.4678
505.6696,84.4173,54.1592,34.8714
501.3057,86.9961,54.8566,35.4928
499.0664,86.7582,55.1420,35.8911
493.9507,88.7725,55.8769,36.1413
489.4194,89.9173,56.4236,36.4536
483.5802,91.0380,57.1549,36.9413
480.5555,93.8060,57.8916,36.9910
474.9221,94.7556,58.6544,37.4889
472.1537,96.0993,59.2809,38.0551
469.5451,97.2617,59.8682,38.4954
465.4388,98.0396,60.8573,39.2028
459.8945,99.9043,61.6004,39.6332
455.4420,103.8461,62.3114,40.1401
448.5869,104.6756,62.7889,40.7023
444.8400,107.1174,64.3793,41.6461
442.7322,109.4449,65.6876,42.0629
440.8912,110.9509,66.4008,42.4208
437.7474,113.3009,67.3004,43.1246
435.9141,116.2483,68.5127,43.6626
431.5615,118.1359,69.4315,44.3526
431.8390,123.8468,70.3228,45.6268
425.3767,120.5673,71.6310,46.3783
426.4352,127.3462,73.0606,47.5927
423.5927,127.6876,74.0816,48.0106
426.4705,130.6339,74.5340,48.6234
430.1907,132.1315,75.4148,49.2493
429.0807,135.0124,76.2048,49.7700
413.5211,140.4811,77.0078,50.8939
432.8614,140.4698,76.6362,51.2430
435.3513,144.0721,76.5048,51.6263
409.8412,155.2631,76.7611,52.0930
434.8461,149.2481,77.8172,52.7493
430.9811,150.8265,79.0074,53.3355
439.4207,159.4308,79.9041,54.0262
419.8098,165.8999,81.3505,55.2041
418.1616,171.3580,82.1129,55.9927
447.4191,167.7583,82.3461,56.4904
442.9974,171.0952,83.7621,56.9563
443.6631,173.8926,85.2112,57.4649
448.5088,178.4005,85.7850,57.8299
447.9416,187.6487,86.9634,58.0540
451.5515,190.3832,87.3138,58.6448
447.3234,192.2189,88.3131,58.9737
451.2484,195.6702,88.8686,59.4413
402.6065,204.2120,89.7466,59.8151
440.0604,205.7925,91.9129,59.5152
446.4607,207.1306,92.6093,59.8470
443.3099,212.5878,93.7638,59.9706
444.8835,215.4825,94.3141,59.8096
441.0759,217.6381,94.8381,59.8870
442.2278,222.4367,95.3512,60.1854
437.1927,230.0255,96.2126,59.9312
431.4163,234.5058,97.2020,59.5188
434.0428,232.5555,97.2959,60.2622
434.6290,233.9142,97.6138,60.7924
436.3643,236.3498,97.6945,61.4785
426.0506,245.4328,98.6691,61.7678
420.6638,245.1806,99.3572,62.1548
421.3134,251.7381,100.3123,62.9216
419.0342,257.2242,101.1641,63.0187
413.0252,257.2127,101.9126,63.3775
413.3787,262.2099,103.0905,63.4368
365.9571,258.2704,103.9287,63.6013
361.1307,260.6639,104.7506,63.4844
394.9493,270.5290,105.9554,63.1097
396.2916,269.0545,106.6918,63.0107
348.6490,261.3357,107.1988,63.0266
342.3153,262.6568,107.4398,63.0654
332.3569,259.1960,107.0203,63.4627
315.6378,261.4427,106.4805,63.7656
330.2838,265.5193,106.8275,63.6448
363.5228,272.6015,107.7273,63.8939
357.1556,271.2839,108.7001,63.9307
351.9613,269.6084,109.1071,63.9691
345.3756,268.8618,109.7105,64.0425
339.8144,268.0197,110.5022,64.1706
334.2574,266.8659,111.0500,64.3493
328.4496,266.1825,111.4557,64.5534
279.2910,251.2740,110.4642,64.7909
318.2926,262.0385,111.0512,65.4163
312.1045,260.2624,111.6326,66.1528
305.7939,259.5152,112.2977,66.6145
300.3170,257.7028,112.9819,67.2563
294.7560,256.9070,113.5826,67.9836
259.5460,243.4567,113.3317,68.1053
250.9147,243.1720,112.8642,68.1890
252.8126,242.9060,112.8474,68.3247
247.0694,236.8628,111.9974,68.2085
247.3142,236.9767,111.9150,68.1817
250.8142,234.1018,111.7628,68.3679
257.0170,240.1038,112.1449,69.0248
253.2997,235.4431,112.9286,69.8024
242.9171,228.7478,112.3931,69.4751
253.7820,231.0683,112.7261,70.0405
245.8955,225.0852,113.3260,69.8060
249.4981,226.2011,114.3176,69.9904
245.9986,221.7484,114.9622,69.4556
248.7350,219.4725,114.7122,69.4758
248.6430,217.6633,115.1604,69.1480
254.5739,220.0807,115.2376,69.6971
254.0092,215.2622,114.6575,69.5733
255.8566,211.6819,114.0375,69.4895
259.9025,212.6274,113.8824,69.3647
259.8002,208.0785,113.1654,68.9885
266.7127,210.2217,112.3423,68.4446
268.9328,207.0352,111.4300,68.0293
270.9561,203.8410,110.6970,67.5608
278.2512,204.0883,109.6248,66.9281
279.6780,203.1983,108.5382,65.9603
281.5100,198.6410,107.5532,65.5351
283.1667,196.5510,107.1642,64.7124
286.2625,197.7290,106.1633,63.7230
290.3881,197.0245,104.8057,62.9422
295.7117,196.6213,103.4848,62.2448
297.6061,195.4544,101.9778,61.7291
301.4839,193.9485,100.7113,61.1733
305.4279,192.3781,99.0654,60.4155
309.0776,191.5359,97.9826,59.6491
311.6747,190.2970,96.6117,58.7732
316.1637,186.7730,94.8820,57.9372
321.8501,185.2366,93.0122,56.8254
323.5907,184.8169,91.4541,56.0548
325.2199,184.5618,89.8788,54.9090
330.6943,183.2855,88.1762,54.2033
331.5149,183.8839,86.9236,53.4160
336.1129,182.7109,85.2122,52.8348
333.5642,182.8783,83.7772,52.1789
336.3098,182.2165,82.9981,51.7292
338.6191,181.3839,81.8675,51.5954
340.1609,180.8632,80.7942,51.1907
341.4424,181.2155,79.7780,50.6598
342.7776,180.3507,78.9074,50.2014
345.0450,180.5164,78.3242,49.7716
347.2068,178.5746,76.8702,49.2397
350.3414,179.6620,75.7659,48.5922
353.1683,180.3817,74.3680,47.8211
354.1708,178.7008,72.8753,47.0367
356.2672,179.5007,71.8414,46.4658
360.7112,177.7823,70.3901,46.3163
361.3591,177.9112,68.9382,45.7495
361.4304,177.2603,68.1787,45.4143
364.5942,176.1736,67.5240,45.2467
364.4920,175.7508,66.8225,45.1077
359.3403,173.4655,65.8315,44.4856
365.7399,174.6457,64.6700,43.8228
359.8378,172.5556,63.8818,43.1175
360.9662,170.3386,62.8989,42.5973
360.1805,168.2114,62.1142,42.2079
360.5399,168.8853,61.1299,41.4218
360.3270,166.3363,59.9885,40.8911
