1
528.0679,56.6290,19.0810,20.3582
527.1398,63.9716,18.2620,21.0191
525.0658,80.9863,18.4301,20.2644
523.0621,88.3621,18.2791,21.0016
520.7485,101.0816,16.8746,23.2484
519.7161,113.4940,16.7940,23.6101
519.0516,123.6861,16.0032,23.7624
513.2661,140.2970,17.1367,21.6571
512.1785,149.9876,16.7708,22.7489
520.7681,163.3997,16.4927,23.6884
530.1447,168.8019,17.1751,21.7652
539.0969,176.2494,18.4647,19.2074
549.0153,188.1589,18.9520,16.4957
558.2796,192.0106,18.3653,16.1269
557.5239,192.1666,18.3601,16.1239
2
0
0
0
0
1
611.4602,267.7110,14.6749,13.3986
616.2723,265.3495,14.5745,13.2813
619.0145,266.4115,14.6096,13.4020
623.7491,266.2606,14.6735,13.2799
627.4753,267.2152,14.0352,12.9461
629.7467,268.3017,14.3697,12.7790
634.1996,271.2892,14.0364,13.3891
635.0562,273.3544,13.7622,13.3911
639.3320,271.4732,13.3821,13.6991
640.5599,269.1671,13.4351,14.2512
641.4436,267.4660,13.0943,13.6685
643.8231,267.5654,13.6588,13.5433
643.4705,268.8429,13.5218,13.2949
644.8660,271.9149,13.1550,13.7068
645.4415,274.8462,13.0514,13.5552
645.5657,277.9510,13.4648,12.9757
650.6146,276.8466,13.0714,13.3700
652.1591,277.8468,13.1546,13.0489
652.9544,277.3152,13.3917,13.3688
