1
38.3069,601.3639,81.8952,54.8918
58.5770,604.3459,79.3997,59.3353
73.8377,610.5513,81.4170,61.3713
96.4430,610.1844,82.3674,59.8316
112.1440,607.9354,82.8213,58.0044
134.9783,602.7693,80.3227,59.3290
144.3190,600.5587,78.6667,58.2082
170.8006,596.2206,75.1751,59.6522
199.1852,595.7657,73.4276,59.0327
2
0
0
0
0
1
461.6668,590.6136,125.4249,56.6805
474.3000,593.7957,125.1284,56.6079
495.6838,593.2081,120.3248,55.6501
538.4691,592.4822,118.1215,55.2749
566.3853,589.9745,117.6520,55.0663
579.1862,593.5454,116.4853,56.6135
591.3649,591.7182,118.8879,57.2522
612.9849,590.3631,120.6221,57.8342
619.5961,583.3719,119.7085,58.5738
628.6359,577.1844,114.3071,61.5564
643.4195,566.9203,108.6935,65.8587
616.2916,613.8367,108.0869,65.2160
657.6050,620.5142,104.9443,64.5061
2
0
0
0
0
1
727.3659,395.5178,82.3246,81.9969
714.6822,387.1335,83.5715,77.8084
700.2130,381.4882,85.6412,73.0155
690.9366,379.3239,86.2341,68.6073
684.6493,377.1565,86.9081,65.8008
684.2010,377.2336,86.6570,64.4039
678.7548,375.1350,87.1198,64.2079
675.1108,373.8606,85.2407,63.2004
674.8965,375.0765,85.3622,61.3330
666.9379,374.3870,87.0864,59.9028
663.9845,371.8857,86.5571,59.7098
661.3692,374.0087,86.7693,59.6889
660.0414,373.9792,86.4569,58.2083
661.5329,372.3783,85.3179,57.4482
660.5726,374.2519,85.3261,56.4349
666.9846,375.0491,83.6107,55.5432
675.2722,375.9771,84.5842,54.6915
689.2124,372.9303,82.7441,53.0788
700.5867,372.6841,80.8970,51.9544
706.5161,373.8142,79.1057,50.7435
726.3115,371.3925,77.9996,50.7723
732.9366,369.9150,76.5159,50.1045
736.3942,370.2795,76.9062,49.1932
739.4274,370.3250,78.3804,48.2167
740.6133,370.1369,80.3343,47.1922
740.5764,371.2261,81.4141,46.5362
744.2420,371.9491,83.4371,46.8396
744.5438,371.6321,84.5425,47.1983
744.9490,371.1121,86.3304,47.2155
742.8063,370.4612,86.9181,46.8707
742.2165,371.1534,87.6645,46.6150
740.7255,370.7604,88.0393,46.6116
744.4957,370.5046,89.6092,46.7475
743.7008,370.9183,90.3374,47.2574
744.3588,369.2286,91.8568,47.8039
732.6480,369.5542,90.9949,48.9878
717.8091,370.7184,93.8704,50.0028
700.1620,369.7157,95.6243,49.9215
692.5640,370.3194,96.3459,50.7883
673.4168,371.3342,97.0831,51.2841
645.2956,372.2405,96.8773,51.4765
632.5992,371.6210,94.6358,52.5525
603.1946,369.1985,94.7145,53.0739
596.3615,361.3666,91.0239,56.5895
608.9705,375.1725,91.4816,58.3564
567.1541,373.8208,92.2663,59.0227
513.8430,373.1600,93.5055,58.6327
469.3587,368.1245,93.2839,60.2533
458.3922,362.6121,90.3006,61.4152
459.1717,360.2856,87.9736,61.1476
458.6417,361.5517,88.1211,60.6922
460.1383,361.3880,88.1350,60.9589
460.7134,361.1261,88.4313,61.1092
507.4421,363.2363,84.4361,60.9132
514.2857,360.0531,84.4850,61.1955
499.1475,353.7359,82.9352,61.6778
513.6478,349.9500,82.6606,63.0905
2
0
0
0
0
1
782.4525,355.1292,98.0800,63.4989
796.1517,350.5321,96.8993,64.9275
804.2173,345.4442,97.0776,66.2489
799.5552,347.1754,97.0985,66.5445
788.8439,344.8478,94.2256,67.4617
772.9672,344.6092,91.4082,69.5016
2
0
0
0
0
1
822.6313,220.1191,62.3510,53.4007
807.4133,221.0501,63.5310,51.6816
801.0406,220.3324,64.8689,50.1224
806.4531,218.0397,65.3565,49.8205
813.5441,218.3437,65.7587,49.3173
815.8406,219.5142,66.0880,48.6830
833.4135,222.1701,67.7826,46.2829
853.5385,222.1731,68.7980,44.6794
892.7573,213.5134,68.5323,45.7038
906.8030,207.0703,65.3491,48.6694
927.2690,203.6719,62.5555,51.5216
939.7977,200.9602,59.7391,54.3310
2
0
0
0
0
1
914.5037,114.5436,65.1116,65.2933
922.2526,112.4706,64.7713,63.3140
899.5327,110.3528,66.6309,59.2697
887.7216,106.2964,69.3132,55.7036
869.9821,109.8224,72.9027,52.4250
851.6241,112.6402,76.9565,49.1808
833.4574,118.3384,80.6006,45.9177
822.4872,118.1350,83.8001,43.6332
813.9152,118.9160,85.4379,41.4436
801.1806,119.9145,85.5415,39.1389
792.1688,121.2579,84.9314,37.4628
777.4943,123.2056,81.8612,35.9512
765.2427,123.2762,80.0742,35.4576
752.7220,122.7840,78.0874,35.3159
734.1784,122.4536,76.9529,34.2048
721.7457,121.7407,76.0257,33.4845
705.9718,122.2148,75.7390,33.2163
693.6316,123.6617,75.8262,32.9364
685.9268,126.2950,73.9546,33.8321
683.0877,126.6189,73.4598,34.2118
678.0557,127.2126,72.6562,34.6910
671.7009,123.7471,73.3885,34.4277
673.8189,125.3315,73.3615,34.6326
676.1804,125.8016,72.7311,34.8816
676.5444,126.7224,71.9933,35.5366
660.7585,122.4582,71.3417,35.4823
651.7112,123.5799,71.7052,35.1597
643.1527,119.7299,71.2666,35.1521
609.1829,121.4586,72.3056,34.2221
586.1949,121.5405,71.6794,34.4871
579.7256,121.0374,70.9222,34.1847
580.5741,120.6482,69.8383,33.9329
