1
269.5031,86.3403,30.0949,47.6290
268.0582,86.2966,29.2037,46.8754
264.7105,89.1447,28.5573,45.2701
267.6918,90.5347,27.7968,44.5214
266.3980,91.9590,27.5436,44.6989
268.6985,88.2629,27.7508,45.2818
268.1151,83.8530,27.8902,47.3066
264.2647,78.4909,28.2130,47.7678
263.7007,81.9919,28.0874,47.4906
260.9411,81.5072,28.4690,48.0615
258.5284,79.2833,28.9007,48.7174
257.2471,76.4291,29.8828,49.5071
255.3383,76.9932,31.0629,50.1381
256.2666,73.6154,30.9182,50.8323
252.6498,74.8969,30.3791,52.4998
249.4297,73.8401,30.2443,52.5663
245.3712,78.8101,30.3850,52.7502
242.3579,82.0134,30.3947,53.1611
239.4888,84.0903,30.6557,54.0090
236.5987,82.7611,31.1868,54.0516
235.1112,81.8221,31.4871,54.8397
236.5435,76.0081,31.5862,55.1206
236.1980,76.7533,31.7074,55.4272
238.4414,79.4733,31.1863,56.6090
235.9800,82.1902,31.4990,57.0295
237.7211,79.5604,32.0719,57.1995
239.0616,79.8910,32.7164,57.4181
241.3814,76.6667,32.3808,57.8536
242.6209,77.2333,32.0574,58.1954
246.2050,73.7899,31.5700,57.7157
244.6857,71.6273,30.8942,58.7659
243.4167,77.8819,30.8638,58.8106
241.1160,75.8305,30.8576,58.3465
232.8732,71.1738,30.6268,58.7015
225.9557,71.9537,31.1015,59.1324
224.4805,73.2850,30.8065,58.8109
225.1286,73.3261,30.2025,59.4021
221.1777,76.9606,30.2885,59.9043
221.6063,77.5555,30.6124,60.5222
222.6832,75.5601,31.6335,60.8300
226.2466,76.4225,32.8122,59.9582
226.3619,77.9848,33.0094,59.6585
225.1207,80.5673,33.4690,61.5601
225.2323,81.9689,33.1201,61.8803
229.4590,82.3144,32.7039,62.7884
231.4817,84.1896,32.7028,64.0843
234.3551,86.9697,32.0730,63.7306
231.8855,88.9143,31.7720,63.6721
231.5309,86.2814,31.7686,64.7126
236.9905,84.6379,31.6154,64.3869
238.2304,87.6414,31.5689,65.0064
237.2758,88.3813,31.6576,64.8906
234.9657,88.1278,32.7743,65.0099
230.2554,86.3601,33.9010,65.2470
225.4505,86.5551,33.9335,65.5238
221.1567,87.4587,33.7778,66.0310
219.3883,83.9735,34.1700,67.0043
217.6518,83.1246,33.6064,68.0127
214.2770,90.8221,32.8546,67.6292
213.7499,84.1200,31.8463,67.0508
215.2525,84.9542,31.8073,66.3225
213.1331,86.6338,32.0601,67.4977
217.2819,89.3213,30.8816,69.0759
220.4618,87.9025,30.5352,69.0788
222.6877,84.5139,31.3412,69.0532
226.3703,81.5544,32.6011,68.3985
226.6870,82.3873,33.1823,67.2090
226.8593,84.3870,33.6044,66.4373
225.5458,88.5246,33.6444,66.5057
227.0845,86.7786,33.8356,66.7796
227.2850,88.0915,33.3428,67.2718
230.7499,90.0199,33.5567,67.7963
229.0694,90.7712,33.8910,67.8483
234.0212,88.0115,33.3903,68.3551
233.5271,88.5954,33.0531,70.7772
234.2939,85.5828,32.7938,71.2151
238.3998,92.0839,33.0794,72.6174
242.0724,92.0755,34.1647,72.2246
242.7488,97.7562,35.7018,69.5807
246.9444,95.3747,37.5113,67.8606
247.8253,96.8371,37.8765,69.3519
245.8661,96.8388,37.6591,69.5173
250.7570,106.1412,37.1600,69.7584
249.4302,105.6113,36.6383,68.7621
248.8594,104.0893,36.3725,68.3276
243.3950,101.7084,36.4186,67.6424
247.9486,100.1412,36.3787,68.4580
244.5025,97.5651,37.1386,69.5776
237.0773,95.1122,37.7162,71.0088
233.0221,94.8590,37.8926,71.3631
230.2485,88.2057,38.2900,71.9570
227.1333,86.0077,38.4384,71.9067
230.3931,82.7808,38.9573,71.2496
234.1723,82.2076,39.6470,71.7480
239.0949,87.5862,40.4093,74.0158
245.5804,90.9657,41.8245,76.5638
247.4623,91.9591,41.6029,76.6976
247.5107,92.3342,40.9168,76.4502
246.3702,90.0988,40.3268,75.8167
254.7678,92.2392,39.7106,75.4220
258.0976,91.9945,38.9141,76.3595
259.4714,96.2686,39.2475,76.9897
257.5965,93.3868,39.7512,76.6005
255.4952,84.5163,40.9382,75.9259
248.1779,82.7955,42.0727,75.8631
248.5828,80.8159,42.5683,76.9766
232.6751,81.8939,44.3302,78.0990
224.9846,80.1251,45.8073,77.6751
218.9647,75.9381,45.9030,80.5079
215.3137,65.3548,46.4889,79.7024
207.8614,66.6963,46.4662,79.7935
206.6271,67.2148,45.9031,79.6272
211.4248,60.4818,45.7825,78.5438
215.2114,63.7417,44.1134,79.3612
217.5559,67.5101,43.7030,81.4865
223.8268,68.3682,43.5545,81.3646
228.9699,67.8588,43.0999,81.7107
230.2569,69.6659,42.5408,80.4741
236.2324,67.8424,42.9629,81.1195
242.1991,70.4513,43.3217,79.6648
248.4144,76.3318,43.6138,78.6602
255.7438,80.8558,43.7518,78.3890
259.9265,81.5527,43.6536,79.4964
262.1378,82.2613,42.9134,77.6090
267.2622,78.6731,43.5979,76.7370
273.6634,76.7430,42.7166,75.1729
278.0342,83.9296,41.4811,73.4548
284.1167,83.9784,40.7639,74.2215
290.2640,86.1631,40.8435,74.2085
294.0310,86.3176,40.5915,73.8277
296.9102,87.0275,40.2673,73.3940
301.8452,83.4410,39.8065,73.1849
306.8685,81.8401,40.2288,72.2464
309.3723,84.1721,40.6146,72.3357
309.6910,89.9752,40.4908,71.2878
307.1068,85.2539,40.3674,70.8268
303.4310,88.3682,39.5007,69.5361
304.0915,94.4164,38.3062,68.2992
301.4574,94.0253,37.1059,66.4558
298.6786,91.5730,36.7408,65.9660
292.0633,88.6082,36.2149,67.1027
288.9769,86.1334,35.4046,66.7774
286.3887,91.1374,34.3710,64.9870
282.3097,85.3457,34.1209,65.0062
282.3853,85.0604,34.5554,63.7724
279.2246,88.0654,36.1333,61.3674
276.3372,83.9118,35.6856,60.3237
274.9868,81.4566,35.2453,59.1315
274.0966,79.3341,33.9160,60.8653
269.4781,78.7818,33.8662,60.9674
271.7771,83.0076,33.4407,61.1799
275.6927,84.9051,32.7224,60.1283
277.6656,86.7919,32.6289,59.3635
280.0090,88.2205,32.1448,59.3443
283.5156,98.1577,31.4210,59.5358
288.1063,95.6575,30.6324,59.4208
291.1483,87.5320,31.0586,59.1108
288.4453,85.4919,32.3952,57.8707
291.0961,80.8781,32.2764,56.5735
295.6316,85.5640,32.2537,56.1806
295.7181,87.8907,32.0850,55.5540
298.9963,91.7861,31.2860,57.1701
296.9466,86.6613,30.6231,56.2037
295.5993,89.5596,31.0774,56.6415
296.9476,87.2130,31.4641,56.2129
298.2748,88.2695,31.5074,54.5908
296.9427,88.9036,31.7696,54.5540
296.5781,93.8468,31.7708,54.2552
296.2561,93.3900,32.3240,55.1013
297.6464,93.6551,33.2016,56.4612
300.4349,88.0423,33.9176,55.5587
305.2968,87.4325,35.0485,53.9543
305.1524,86.0564,34.8284,53.1691
302.8839,89.4937,34.8232,52.8327
303.4005,90.1452,34.1136,52.1028
302.5263,92.2099,34.5091,52.0455
305.7119,96.2740,34.2176,52.1670
306.0223,93.9719,34.7464,51.3783
311.6564,91.2658,34.4752,50.6403
318.8459,92.2448,33.1057,49.6801
317.9915,96.3195,32.8654,49.4811
328.2469,89.0065,33.1557,50.0681
330.7087,88.2404,33.0279,50.9105
329.3796,85.1031,32.8008,51.0345
331.6468,88.2868,33.8112,51.3692
335.1018,87.0691,34.1283,51.9024
337.2114,85.7984,34.8083,52.0201
335.2763,86.9714,34.9965,52.0706
333.9510,86.2919,33.7119,52.6394
338.4754,74.4499,33.6974,52.9540
338.3378,68.0490,32.7684,52.9819
336.9289,62.2175,32.4817,52.9072
335.4972,67.1840,32.3795,53.3754
338.3837,66.1797,32.2663,55.4112
338.1992,62.9739,32.3500,54.9977
338.6274,67.5963,32.2801,56.9455
339.9248,76.6090,32.7447,57.5223
339.8403,77.0665,33.4603,57.2615
340.7866,74.1439,34.5088,55.7166
347.5746,76.1783,35.2518,55.3719
346.4423,80.5049,35.6447,55.5376
343.7561,86.0019,35.5185,56.4093
345.1084,92.2187,35.7552,57.3482
344.5188,94.2316,36.0595,56.3974
338.5097,92.6137,36.3871,56.5641
343.2326,96.8231,35.7962,55.5186
335.5930,96.1395,35.2445,55.2565
327.8405,95.4952,35.1291,54.3121
322.4458,91.9824,35.0217,54.6560
329.9091,96.3362,33.3059,55.9022
331.0623,100.7020,31.8607,54.7892
328.4238,99.9451,32.3331,53.4671
328.3807,101.0328,32.3238,52.3122
330.3026,104.0970,31.9066,52.0089
331.1090,109.2366,30.6417,50.6976
332.4691,111.1663,28.8947,51.6732
333.3414,110.5923,27.5551,52.7341
337.2498,106.2979,27.6341,51.6093
339.5217,105.3878,28.0536,51.3441
341.5752,105.7488,28.2233,49.7695
341.6030,104.8110,27.8255,49.0281
340.6617,105.0421,27.8472,48.3600
344.4004,108.3625,26.7530,49.7534
350.5117,114.9676,25.9016,49.5908
349.3256,108.2868,25.7848,48.9771
349.1165,108.7888,26.8492,48.7488
352.5648,108.3568,28.1170,47.5617
351.2989,110.2655,27.7395,46.8379
353.7658,112.0720,27.3508,45.6802
351.3934,115.0021,26.2936,46.7681
350.7489,112.1745,26.1198,45.7667
351.1856,110.8852,26.1441,45.1830
349.1032,112.5089,27.0861,44.4659
348.3462,112.2675,27.2660,42.8496
349.0749,111.5572,26.7314,42.2595
349.0005,116.0336,26.2845,42.0661
350.9931,117.0806,24.8529,43.5394
357.3683,119.3913,24.3951,44.0252
356.1586,117.8145,25.5308,42.1533
359.0780,113.1574,25.7316,41.9537
361.5041,115.5456,26.4497,40.6389
364.0152,118.1834,26.2142,40.2007
364.8961,121.6597,25.4061,39.2178
367.4281,121.4633,24.2577,40.0135
369.6846,119.0978,24.1024,39.2043
370.9258,121.1643,25.7706,37.9402
372.0486,120.1089,26.6975,37.4705
371.2689,116.5194,27.0005,37.6682
369.3915,121.8720,26.5824,37.4769
365.2794,120.6229,25.7491,37.8025
363.7773,122.0726,24.5197,39.3467
367.7226,120.2803,24.2810,39.3115
366.3531,118.1163,24.2936,38.5932
368.4142,112.2902,24.8075,39.3823
367.4796,113.6610,24.9541,39.4607
367.9682,115.3814,24.5878,39.2622
366.4329,116.3026,23.9595,38.7231
363.9647,117.1070,23.4139,39.1510
361.5236,114.5336,23.3793,38.5087
360.5240,113.3093,23.7320,39.0523
358.5845,112.6683,24.8253,39.3213
357.3595,116.0211,25.9065,38.7015
353.8457,114.3147,25.2746,37.7705
350.2965,112.9419,24.5411,38.1599
346.0373,117.5072,23.9340,38.4234
346.5338,114.1333,23.5319,37.7232
348.3408,112.4133,23.5203,38.0608
348.3970,112.6703,24.0922,38.7820
351.5110,115.0349,24.7569,37.7309
352.5744,118.3790,24.8780,37.8211
350.0325,116.5556,24.9227,37.3499
348.8114,117.6028,24.4137,36.7326
349.6352,120.9019,23.2100,37.3827
354.4865,120.5059,22.2618,37.1166
355.5031,119.6808,21.9377,36.5037
357.4822,123.4374,23.0848,36.0070
359.2689,120.2322,23.6011,35.1470
361.1647,121.9750,23.7983,34.5963
362.7298,125.8699,23.7952,34.3629
362.2311,128.5374,23.0820,35.9582
363.0582,125.1289,22.4536,36.1515
365.3877,125.6197,22.2312,36.3431
364.1095,124.6266,22.5705,35.9162
365.9142,123.2127,23.1537,36.0264
366.7975,124.0956,23.4259,35.7927
367.9847,125.6673,23.5473,36.1762
367.5752,127.3356,23.7698,36.6740
370.1799,129.9101,23.5888,37.7587
377.6499,126.4276,23.1470,38.1254
381.0654,123.3084,23.1659,37.7285
387.4325,122.4743,24.2503,36.3847
394.8712,117.6129,24.4583,35.8738
