1
297.5051,138.7466,71.8132,85.5737
295.0346,136.6791,72.6118,86.4795
292.3228,143.1321,73.2027,87.3405
294.2632,140.1275,73.3909,87.8294
297.2047,144.5859,73.5663,89.1384
300.1839,146.1755,73.6029,89.1983
301.3266,144.5482,73.7278,89.1575
301.1693,144.9201,74.1126,89.6034
291.7838,145.7635,74.1528,89.7874
299.2890,142.4159,74.6368,89.9954
303.4838,145.6044,75.1242,90.6898
308.4540,140.0858,75.2975,91.0584
321.4716,137.6493,76.0751,91.7490
325.6136,131.5863,76.9084,92.7601
324.4008,131.1235,77.5828,93.1270
323.7882,130.8977,78.3494,93.3790
328.1745,132.4711,79.1361,94.3372
325.4210,131.0302,79.7133,94.9664
327.9398,125.0703,79.9936,95.7889
336.0274,116.1287,80.5230,96.4163
338.7070,110.9525,81.3456,97.7403
340.2045,109.3658,82.3275,99.0341
341.5103,110.9605,83.2373,100.0162
351.6395,113.9099,83.3034,100.2778
355.7443,126.3596,84.6024,101.0356
358.9963,131.8605,84.1195,100.8300
344.7198,116.1129,83.8879,100.6767
362.1746,106.3589,84.7356,101.4248
347.5115,92.5548,84.7020,101.4857
343.6621,86.9491,84.8931,101.5316
336.0891,86.7998,84.7179,102.4873
332.6321,82.9681,84.9387,102.9941
332.8564,87.0912,85.6209,104.0110
337.5305,92.1724,86.2641,104.8116
351.8369,103.5756,86.3208,105.0460
346.9365,109.9420,87.9158,105.2816
367.2423,132.7509,88.7214,106.3367
365.2069,129.4705,89.2790,106.2880
366.8302,118.0610,90.7485,108.0416
356.8885,98.7365,90.6499,108.8338
355.0532,90.3062,90.2811,109.2713
353.8742,82.2205,90.0928,109.3765
354.8874,77.7254,89.4716,109.4829
353.2223,85.4173,89.1795,109.4598
356.8249,92.1480,89.0365,108.9015
362.5061,101.8327,89.5737,108.9760
367.0322,124.5416,90.2859,110.0985
374.3805,139.1285,90.6133,111.2430
371.5161,143.4270,90.6565,112.0049
367.8372,130.3139,89.8434,112.8074
362.3035,117.9929,89.0353,113.7422
358.8590,105.7675,89.0090,114.1961
353.2345,102.0928,88.7220,115.2524
351.5528,107.0130,87.7927,115.9829
351.5273,114.4485,87.4109,115.6496
347.5461,128.6045,87.1716,115.7266
349.5860,142.5106,87.4225,116.2514
346.8336,169.1060,87.7842,115.7586
344.5414,182.8519,88.0579,116.1764
338.9676,173.3679,88.1269,116.3971
328.9467,143.6818,87.3243,116.1483
321.5393,136.3059,87.2770,115.0802
314.9641,123.8187,86.7413,114.0446
308.7920,114.5589,86.6333,113.2881
303.0702,116.7206,86.7620,110.9663
297.3409,120.7064,86.4581,109.8718
295.2168,130.2234,85.6489,108.8097
295.2107,145.2060,84.8278,109.6048
293.8205,154.1787,84.1612,110.2271
294.6006,176.7402,83.6924,111.3520
298.1666,198.1070,83.5508,111.6247
292.2495,188.3178,82.9236,112.2557
280.7411,167.1790,82.7675,111.9541
274.3727,146.9484,82.1126,111.2835
269.8297,131.7949,81.0384,111.2835
266.2445,132.5397,80.7823,111.2039
261.3930,124.1189,79.9669,110.0431
257.5735,122.5711,79.5022,108.9720
256.9733,131.0486,79.6395,107.9566
250.4312,136.5405,78.8893,107.6555
243.3945,147.5228,79.5716,107.1499
251.8024,175.5973,78.9029,106.9805
248.6517,185.2159,78.2491,106.7743
249.5774,188.4719,77.9164,106.9284
246.1379,183.5808,77.0222,106.6636
240.3996,170.6878,76.9536,104.0405
238.0039,167.7240,76.6297,102.6525
2
0
0
0
0
1
231.9971,214.6257,69.1727,65.7118
233.3138,215.2290,67.9603,65.3435
236.9456,213.5803,66.6699,65.8517
236.6699,208.1255,66.6163,65.9240
240.5098,205.2711,66.3190,65.8708
242.1743,204.3805,66.2346,65.9070
242.5890,202.9411,66.0102,65.0786
236.3239,196.0250,64.7268,65.1378
245.1739,195.6360,64.4074,63.9417
256.6869,201.5421,64.2779,63.5741
2
0
0
0
0
1
276.1502,167.4422,35.5685,60.0399
2
0
0
0
0
1
243.3307,148.5710,44.6217,53.6697
2
0
0
0
0
1
250.1695,134.6099,61.6219,72.7254
254.6004,131.2438,60.5178,72.3277
262.8812,135.8561,59.2557,72.0931
264.0328,134.8475,58.7275,71.4888
276.4818,135.8045,57.2040,71.5941
273.5813,93.8697,56.1779,72.0800
2
0
0
0
0
1
263.6537,143.8869,90.8796,93.2401
254.8948,142.5824,90.8147,93.7271
255.0642,152.7366,89.5604,93.5244
261.9813,153.4323,88.2988,94.7434
259.1442,145.0109,88.0324,94.9208
257.9747,150.9603,87.4800,95.5425
259.4346,150.5982,85.2546,95.3250
271.0781,141.6012,84.6223,95.4862
260.7223,145.0111,83.8704,95.8675
257.9736,146.9856,82.9424,95.3270
251.9787,140.2324,83.1022,94.9625
248.7530,136.9538,82.3186,96.4556
243.5946,131.8392,82.1592,96.9003
230.7709,133.6444,82.0471,97.7776
233.7113,147.4414,81.6656,97.9845
217.3769,136.0909,82.4655,98.8927
211.6295,140.3979,82.5943,100.2536
207.4559,141.5731,81.8754,100.9966
203.5148,138.6325,81.0561,101.1031
204.9061,138.7057,81.5030,100.6523
203.3134,141.0447,81.3127,99.9686
199.5385,140.9070,81.1648,99.9599
196.8173,141.3235,81.5608,100.7251
193.4467,145.2709,82.7976,101.3679
198.7138,136.8303,82.4932,101.0116
203.9433,133.6091,82.5722,101.3037
199.6051,148.7716,83.4766,102.4036
204.2942,153.4324,83.9333,103.2834
216.2395,151.5191,84.4700,103.7114
225.8428,156.9123,84.5994,105.2116
224.8716,145.5731,84.4221,104.7965
244.4173,148.2766,86.1376,104.1590
250.5427,159.6468,85.5611,103.7962
258.5380,158.7685,86.0600,103.1853
264.1552,163.3766,85.9277,102.8153
265.5831,172.2549,85.7376,103.2973
270.2451,175.6422,85.6081,103.9920
270.6659,177.3789,85.8833,104.8125
278.7868,181.4537,86.0831,104.6544
281.6210,170.5454,84.8631,102.0335
284.1548,177.2900,85.3052,99.9002
2
0
0
0
0
1
317.2301,181.1067,85.5936,67.8527
326.8694,161.1180,84.7126,67.1828
328.9756,172.5635,86.0948,66.1074
331.2678,173.5548,86.6631,65.9164
335.5067,178.9267,85.7499,66.5747
334.5005,175.1787,83.8895,64.3405
344.6953,197.0803,81.7969,62.8142
348.3741,191.3400,79.7698,61.0685
342.0231,166.3904,78.6980,62.1686
339.4912,160.1362,78.3503,63.5904
334.8051,159.4658,78.1074,64.2584
337.1099,154.5132,76.6859,64.7065
334.3314,169.6109,75.5384,67.1135
329.7841,186.3352,74.5216,66.3779
332.7278,196.3051,73.1249,65.3268
342.1063,200.7358,72.5077,66.3792
342.1472,181.5275,71.9264,65.5758
333.8231,177.3275,72.1520,65.4555
334.7588,174.8661,70.5688,65.0946
335.8008,153.5733,70.9071,66.1089
336.0629,150.4946,71.5268,66.1739
335.5420,149.3806,70.5200,66.4176
339.3710,184.7826,70.0140,65.0775
335.9424,158.5891,69.1962,64.1493
331.4888,175.4259,69.4802,63.0321
324.3563,183.0930,69.4390,62.9005
317.1429,174.7035,68.8255,62.4062
309.2600,170.3139,67.9005,62.9345
307.4451,166.8878,67.9163,63.6624
303.6942,163.7615,67.8583,65.4180
302.4227,166.5520,68.4989,66.6343
295.8658,171.5222,68.2802,68.4309
293.7520,171.5841,68.1775,68.5199
289.7648,181.9783,67.7842,68.1759
289.0756,193.0520,67.5098,67.9455
293.2626,195.2326,67.4497,67.8973
296.5852,192.0696,66.4264,67.3025
297.2843,185.7622,66.7322,67.2209
294.5702,183.4437,66.5257,66.9615
295.7844,177.7434,65.8232,66.8628
299.5594,174.6280,65.0446,66.2447
292.6290,179.0443,64.3177,65.4978
295.1411,181.2805,64.5214,65.3227
294.3560,193.0236,63.7587,64.8171
291.7800,196.0952,64.1567,64.9776
293.0994,189.7926,63.1557,65.0497
287.4939,170.9669,62.2548,63.2141
284.3639,157.8957,62.0395,62.9956
285.4939,164.5445,62.1366,61.7268
284.1213,166.9702,61.6558,61.6631
283.8305,166.9157,61.4212,61.3301
284.2373,173.4348,60.7436,60.7954
283.4766,181.0663,59.9792,60.8913
286.6064,186.5414,59.2715,61.5514
286.4939,190.2803,59.6009,61.6851
288.2902,173.2660,59.6236,61.7409
290.9449,176.8468,59.6893,61.4398
291.9840,184.5744,59.9525,60.8722
295.5827,190.6001,59.7318,60.6662
295.1994,189.7676,60.2124,60.1319
295.4180,180.7459,59.9150,60.0914
297.8801,169.5478,59.0356,59.5086
294.5215,163.4819,58.4706,59.1423
298.0306,151.7892,58.1563,59.3963
295.6199,148.4179,57.5681,58.7721
298.8813,148.2447,56.4260,59.2266
298.5372,150.4724,55.5579,58.7289
301.5269,155.0972,54.8540,58.0379
300.6432,158.7327,54.3613,57.4507
300.1463,160.9418,54.4815,56.9204
298.2029,145.7023,54.0472,56.3856
300.2380,138.9389,53.4687,55.5634
301.3950,131.1652,53.0804,55.4553
305.0578,130.4632,51.8854,54.4428
302.4887,129.1960,51.2762,53.7286
302.1668,130.6308,50.5620,53.2042
300.0451,130.5452,49.9182,53.1066
298.7719,136.1154,49.5863,52.8663
298.1687,141.6654,49.4997,52.3929
293.9886,141.7399,49.4256,52.0424
292.2510,134.8808,49.2459,51.8132
290.7473,128.9817,48.8815,51.5849
291.5490,126.5264,48.4776,51.3147
290.4243,126.5458,48.5762,50.9561
288.9290,125.1783,48.4603,49.9645
286.8300,131.3530,48.2308,49.6799
285.0741,135.2743,48.0584,48.9262
287.1548,141.1315,47.5966,48.7722
284.8850,152.2917,47.7692,48.3535
283.6642,153.9176,47.3398,48.1772
281.6965,150.3850,47.4839,48.1613
280.1121,147.1681,47.1265,47.7918
283.3722,147.5906,47.3716,47.5748
284.7632,149.3677,47.6825,47.1961
287.3792,149.9793,47.5687,47.0280
289.4052,155.0847,47.8845,47.0984
293.9373,159.6020,47.8983,47.4052
290.6281,164.3177,47.9616,47.8524
291.1726,158.2677,48.1898,48.3653
289.5733,153.5485,47.9253,48.1849
291.2976,147.6561,47.7662,47.6245
291.2900,142.3668,47.5799,47.5457
291.8216,143.1041,47.2955,46.9555
289.8252,141.8447,46.5356,46.4518
291.0723,146.8242,46.3378,46.1677
293.0265,148.4568,46.1270,46.0227
293.1133,148.8076,45.8996,46.7141
293.3813,147.6948,45.5866,47.2111
295.5732,140.6131,45.4300,47.2627
297.8620,133.3982,45.2011,46.9773
300.3086,130.8734,45.0688,47.0403
303.7895,130.0215,45.1411,47.2285
306.8745,130.5870,45.2996,47.4430
307.5392,133.6522,45.0850,47.5885
307.0641,141.1680,44.6148,47.3716
310.4195,143.0636,44.3048,47.8807
2
0
0
0
0
1
313.9205,129.2058,42.0333,49.8871
308.7728,138.9555,42.0356,50.3644
306.6282,145.2018,42.4864,50.4134
315.3289,148.9723,42.4852,50.6405
309.9059,151.4990,42.8232,51.1754
311.9437,145.2385,42.7855,51.0745
316.5160,135.7725,42.7863,51.0380
316.2699,133.1757,42.5577,50.9345
320.5499,126.8940,42.3563,50.8623
316.8868,129.2779,42.0871,50.7181
318.6990,129.1346,42.1616,50.8376
315.0496,137.1722,42.3676,51.0240
317.7657,139.1172,42.5015,50.9033
316.4217,139.4054,42.3995,51.1089
318.9911,130.4704,42.0784,51.0136
312.5488,128.8154,42.1665,50.8901
315.3932,120.4520,41.5592,50.1453
314.5385,115.6586,41.3509,49.7082
314.3817,117.1634,41.0164,49.3658
313.6345,119.4731,40.7020,49.7262
311.8795,122.6057,40.7584,49.6918
307.3383,131.1212,40.3196,50.1030
306.7179,132.5578,40.8672,50.6547
302.2814,136.5782,41.0134,50.9438
304.9001,128.5081,40.7613,51.4221
303.6748,121.2159,41.0120,51.7129
300.0030,119.4582,41.1694,51.7426
301.3991,117.0758,41.2267,51.8858
299.5931,120.3520,41.2094,51.8757
302.5816,123.8997,41.0902,51.8839
302.2637,130.2652,41.1589,51.9267
301.6249,135.7569,40.9572,51.8678
301.7533,143.7451,41.0889,51.7970
301.9419,142.5184,41.6231,51.2584
305.0939,136.9574,41.6915,50.8638
307.0292,130.3753,41.6856,50.7645
308.2351,127.0306,41.3468,50.6084
311.8391,128.0145,41.0365,50.7773
310.5554,129.4539,40.9581,50.6879
313.1320,132.5439,40.7276,50.7081
315.9449,135.9777,40.5894,50.5482
318.8011,134.9780,40.3279,50.7956
317.7893,136.3705,40.7036,51.0793
321.0089,132.7828,40.7526,51.1377
321.9517,131.0520,40.5096,50.6476
318.9798,135.0021,40.4393,50.5762
316.1944,137.1463,40.2359,50.4031
315.3995,139.4978,39.4093,49.7154
2
0
0
0
0
1
318.9443,128.9254,28.0855,50.2392
320.3287,132.7086,28.5162,48.9988
319.4468,135.2310,29.0858,47.7505
318.9884,137.8803,29.9464,46.5271
317.1685,142.8677,30.3408,45.7780
315.8486,143.5459,31.0170,44.9348
314.8369,144.2463,31.2167,44.5245
315.4745,137.3798,31.4693,44.2868
314.1607,137.6683,32.3334,43.0464
310.6633,135.8921,32.9284,42.5462
306.6309,135.3108,33.2637,42.9757
313.1633,140.6063,34.1461,42.7350
313.0160,140.5815,34.6584,42.4534
310.8889,142.0703,34.7225,42.5110
313.3886,142.4348,35.2858,42.5095
317.7693,141.1823,35.4481,42.4158
315.6375,145.0394,35.2946,42.1730
317.2874,144.2946,35.6175,42.3804
312.9803,142.2690,35.7975,42.5095
319.1842,152.3310,36.2864,41.5795
330.3434,156.9312,36.2447,40.7192
2
0
0
0
0
1
342.9690,155.9576,44.3651,52.0370
342.0596,160.3808,43.8922,52.4307
342.6432,165.8403,43.3799,53.6831
2
0
0
