1
534.6676,201.4510,22.7853,21.9114
531.3864,206.8435,23.5209,21.9873
530.0955,215.1281,24.1405,22.1274
528.4015,222.9055,24.5045,21.9808
525.7665,228.7279,24.8406,22.3245
525.0339,236.7275,25.0383,22.4142
524.7008,243.4769,25.0440,22.3746
526.1710,248.1485,24.9356,22.3577
527.6848,252.3138,24.9349,22.1305
531.3264,255.0592,24.8989,22.1868
535.8612,257.3316,24.4831,21.8095
545.6437,260.0078,24.2449,21.3619
552.6043,261.5213,23.6350,20.8354
562.1938,264.8300,23.3134,20.3855
574.5544,267.1274,22.9052,20.3254
586.2214,269.4336,22.5414,20.1180
594.9917,269.3956,21.9203,19.7138
608.2301,272.3452,21.6911,19.1550
616.2979,275.0130,21.3996,18.7374
627.0933,277.8217,21.4467,18.0000
635.4717,280.2882,21.5541,17.3774
642.6862,283.0797,21.7954,16.6216
647.7752,284.7371,21.7390,15.8723
653.4953,286.2763,21.3674,15.4860
659.1176,286.9618,20.8956,14.9222
663.6989,285.2386,20.2088,15.5176
666.8303,285.5458,19.9034,15.3862
674.5142,289.2895,19.8052,14.5197
679.6616,288.4883,19.5079,13.8826
684.2625,288.5428,19.0708,13.6987
687.4001,287.8554,18.8355,13.2297
691.6712,286.6964,18.4333,12.9872
694.5200,284.8035,17.8168,13.0175
698.4469,282.2997,17.6185,12.7300
702.4202,279.8487,17.3188,12.6784
707.2963,276.5559,17.1156,12.6048
714.1250,273.5665,16.8233,12.6998
720.7183,269.1529,16.5026,12.8785
729.4357,263.4283,16.0711,12.9010
738.1498,259.5530,15.4105,13.2063
748.0602,255.4226,15.3047,13.1484
750.4305,255.3321,15.3046,13.1484
2
0
0
0
0
1
857.0460,222.9649,17.0857,12.7244
872.9894,219.0050,17.1823,12.5435
888.3137,215.7575,17.8875,11.9162
903.9213,211.1812,17.8747,11.5640
920.4337,205.6109,17.8777,11.2887
935.2922,200.8754,17.5760,11.0328
949.6746,196.1856,17.1595,10.7365
962.1899,188.3343,16.9043,10.4802
975.6623,180.2665,16.7818,10.4277
986.6132,175.8655,16.6639,10.1754
999.0033,171.0917,16.4970,10.1401
1011.0443,168.3862,16.2712,10.2563
1022.6780,165.3885,16.0038,10.2871
1032.9712,164.6988,15.8224,10.2885
1043.2645,166.2094,15.5911,10.1462
1053.1279,171.1453,15.5372,10.3479
1061.1605,176.6242,15.4906,10.5858
1066.4243,176.8508,15.2907,10.5821
1070.5975,171.5968,15.0091,10.7776
1074.4547,164.4527,14.5904,10.9701
1077.9845,155.2954,14.3752,11.2690
1081.5038,147.4290,14.1154,11.5751
1083.5121,141.1286,14.1487,11.7664
1086.1743,136.1056,14.4772,12.0689
1088.4198,130.8817,14.5511,11.9249
1089.1274,125.4404,14.5913,11.8321
1091.9673,122.5359,14.6053,11.8106
1094.1301,121.0126,14.4294,12.0120
1097.1890,116.9747,14.0717,12.1948
1098.8422,110.1223,13.7691,12.2628
1101.6179,97.8500,13.5416,12.4099
1102.0394,84.6026,13.2719,12.7737
1105.4406,78.9218,13.0828,12.7689
1109.9384,75.7769,12.9388,12.7923
1113.8704,70.9238,12.8439,12.7977
1118.2526,64.3029,12.8429,12.7376
1123.5302,57.5383,12.8664,12.8581
1129.8834,54.6759,12.7703,12.8624
1135.8854,52.5060,12.5871,12.7928
1140.6654,48.5389,12.5159,12.8201
1146.6660,45.1354,12.4936,12.9054
1153.6466,44.0554,12.5418,12.8773
1159.5212,44.8879,12.3742,12.8641
1164.4028,44.1557,12.5085,12.6294
1170.4889,41.3156,12.5820,12.3541
1175.9059,39.1263,12.5120,12.0089
1182.2505,40.4109,12.5922,12.0168
1187.1340,43.3679,12.7323,11.6985
1193.0480,47.1852,12.8804,11.4115
1201.8812,51.0833,12.8525,11.3262
1207.6029,57.2543,13.0070,11.0478
1212.4529,70.3592,13.2027,10.7028
1219.2765,84.4361,13.4694,10.6908
1223.5951,99.4368,13.4117,10.5566
1229.4435,112.7081,13.4781,10.2724
2
0
0
0
0
1
2
0
0
0
0
1
1258.2432,306.1913,19.1414,10.0000
1256.1691,308.9886,19.0733,10.0302
1252.3107,310.8250,19.1051,10.1724
1248.5109,314.6205,19.1327,10.3135
1245.9645,319.3551,19.0457,10.0007
1241.1770,323.3624,19.2237,10.0000
1231.9789,329.5462,19.0320,10.2375
1225.3091,338.0591,18.6429,10.4746
1218.6414,346.2658,18.5707,10.4377
1209.9055,354.4422,18.5607,10.3728
1199.0884,365.4806,18.4223,10.5192
1193.0122,375.5644,18.2763,10.4708
1181.8578,383.1607,18.4637,10.3500
1172.1859,392.7310,18.6301,10.3282
1163.6859,404.2207,18.5998,10.3847
1153.3134,415.2906,18.3561,10.5303
1144.6902,428.1613,18.2311,10.6578
1138.6387,438.6364,18.3071,10.8889
1129.5964,444.2350,18.1776,11.2069
1124.1021,447.9262,18.7481,11.3245
1120.7225,454.1657,18.8841,11.4511
1113.4122,458.6284,18.7850,11.6645
1108.3433,462.2695,18.4599,11.9075
1105.2861,466.0642,18.2255,12.1716
1101.9557,467.7545,18.2368,12.3140
1097.6487,469.1605,18.2748,12.3220
1096.2483,467.7577,17.7021,12.8286
1094.5985,464.7566,17.7887,12.8603
1092.3478,461.1222,17.7795,12.8259
1091.5399,457.1336,17.6705,13.0264
1090.1509,453.1124,17.6851,13.0148
1086.7668,450.9917,17.9529,12.9888
1084.6458,449.7479,18.5222,13.1530
1081.6003,450.5641,19.0668,13.2481
1075.2004,448.5591,19.2116,13.3710
1069.1321,446.7102,19.0187,13.2939
1063.5421,446.7579,18.7923,13.4248
1058.0295,447.8556,18.3379,13.5338
1051.7378,447.8275,18.1824,13.4752
1046.8066,446.6383,17.7308,13.4637
1040.9641,444.3049,17.3200,13.7292
1036.1309,442.3067,17.5436,13.4973
1029.7267,440.3990,17.9534,13.1993
1025.1752,436.3007,18.5919,12.7469
1020.8245,429.6228,18.2074,13.1268
1016.7662,427.6263,17.6570,13.6153
1013.1260,424.1167,17.4699,13.8824
1008.4827,423.4495,17.5627,13.8328
1002.5599,420.7401,17.5590,13.6445
999.9457,419.0101,17.2015,13.4451
993.3650,418.5806,17.1541,13.3025
989.2346,420.7370,17.2237,12.9730
981.2150,416.9891,17.1806,13.2696
978.8190,418.3613,17.5680,13.4948
974.7198,418.7079,17.9846,13.2568
971.4365,420.0579,18.1686,12.8257
967.1917,419.1695,18.6796,12.2829
963.1348,415.2432,18.9716,12.0690
960.8751,410.4679,19.3463,11.8289
958.2323,408.5937,19.1336,11.4137
955.3165,404.5370,19.2756,10.9819
952.6758,399.5661,19.6987,10.5051
950.6088,395.3503,19.4298,10.8680
949.6274,389.2969,19.4330,10.8628
947.3921,382.0110,19.3442,10.9324
944.4939,374.9413,19.0572,10.7380
945.3907,369.4632,18.2982,10.9797
944.0166,365.4418,18.1588,10.9471
940.6200,360.6375,18.2482,10.9247
938.6891,355.7493,19.0620,10.5566
935.6004,353.0074,18.9498,10.3434
932.2060,351.1201,18.9457,10.3362
926.0070,350.6269,18.8882,10.3264
920.2762,350.3648,19.3018,10.0568
919.1381,346.5248,18.8874,10.0153
914.8871,341.1298,18.4411,10.2075
915.6432,337.6288,18.0789,10.0612
908.9663,333.3588,18.1348,10.0000
903.7442,330.9393,17.9425,10.3182
899.3369,328.1569,18.1814,10.0000
894.5359,326.7138,17.9687,10.1020
888.2081,326.8329,17.9220,10.3006
882.9733,327.1159,18.2057,10.0476
876.7113,328.0707,18.5544,10.0000
870.5540,330.7757,18.4947,10.0000
863.3360,331.8747,18.5336,10.0000
856.6392,332.1742,18.5912,10.0000
850.2589,330.9309,18.2649,10.2527
843.7477,329.8127,18.2716,10.4227
835.6143,328.3425,18.1874,10.5298
828.2466,327.3622,18.3379,10.4139
820.9196,330.3663,18.2195,10.4212
812.3831,333.4716,18.1400,10.4883
807.0297,337.8300,18.0313,10.3789
798.8983,340.2627,17.8183,10.4024
792.2553,341.1240,17.7186,10.5120
785.4346,340.2012,17.5383,10.6312
779.0200,339.6989,17.2778,10.6817
773.2607,337.1185,17.2038,10.7205
771.2306,335.4051,17.2008,10.7197
769.4323,334.5764,17.2008,10.7196
769.4134,334.4877,17.2008,10.7196
2
0
0
0
0
1
718.9949,274.3486,19.6357,14.5736
715.1920,269.6818,19.7724,14.4660
710.4328,264.8957,19.7720,14.4722
706.8178,260.3971,19.8062,14.5580
704.2834,256.2709,19.7110,14.7427
700.6063,250.9871,18.9841,15.4916
696.8606,247.5624,19.1046,15.7056
694.2390,245.6585,18.8431,15.5411
691.0091,243.8497,18.6395,15.4152
687.1803,240.1539,18.4927,15.8470
685.7401,238.2473,18.6886,15.9892
681.7415,236.2652,18.8044,16.0222
678.5134,234.6019,18.9696,16.2444
674.5315,231.9450,19.5402,16.3584
669.7714,228.9540,19.5951,16.6942
664.6802,226.4163,19.8299,17.2363
660.1949,224.1987,20.3328,17.0717
655.2197,223.2893,20.2055,17.0552
649.9468,220.4738,20.6656,17.0912
643.4233,219.1147,20.7502,16.9550
636.1813,219.2226,21.2803,16.5006
629.7912,218.5313,21.3545,16.7212
623.5273,219.2851,21.4697,16.7083
619.2881,216.8367,21.0068,16.3098
609.0879,214.9606,20.8668,16.5802
600.7261,215.9555,20.5869,16.8229
592.3748,215.5991,20.5849,17.0819
584.6879,213.8020,20.9597,16.8376
579.2543,213.5812,21.1463,16.5767
569.3104,213.6279,20.6281,16.7869
559.7726,212.9671,20.2048,16.7785
553.1007,211.6341,20.3166,17.0533
544.8063,211.7205,20.4660,17.2423
537.1552,212.4561,20.1720,17.5424
530.2910,214.3088,20.1212,17.4985
525.9848,212.9160,19.6501,17.4717
520.5854,214.1760,19.1129,17.6653
514.8318,214.2023,19.3429,17.6907
510.9244,214.8239,18.8091,17.7276
506.5682,214.7376,18.5253,17.8160
503.4596,216.5184,18.2170,17.7594
498.3541,217.9102,17.6916,18.2390
492.4374,215.9916,17.4478,18.3575
491.7469,214.0258,17.2220,17.9295
489.3169,218.3788,17.0213,17.7906
485.2997,219.7391,16.9788,17.5341
483.3418,224.0842,16.9936,17.5189
486.2349,225.7633,17.3043,16.7619
481.2845,228.3613,17.3341,16.2095
477.1417,233.9072,17.1866,16.3204
473.7576,235.5349,17.2418,15.6513
470.5314,239.6285,17.2240,15.7195
469.0511,243.7432,17.2939,15.7517
467.1975,248.5364,17.1210,15.9652
467.3643,253.0547,16.9792,15.8640
466.0741,257.0269,16.7464,16.1317
465.6030,259.7847,16.5727,16.1954
463.8539,260.7858,16.9225,16.2983
462.7688,263.1193,17.1147,16.5146
461.7839,264.7086,17.1433,16.6006
461.6242,269.7976,17.1461,16.5859
461.8147,272.1153,17.3563,16.9656
462.7418,276.6464,17.5842,17.3959
463.4031,279.3194,17.6570,17.4042
464.0406,280.9368,17.7117,17.3147
465.8507,286.8217,18.4383,17.3074
466.2401,289.2351,18.9934,17.3780
469.3949,291.8231,18.8817,17.3236
467.1674,294.8794,19.4233,17.3149
471.5507,295.4016,19.6977,17.1338
473.6617,299.9181,19.7028,17.2686
473.5304,300.8676,20.2426,17.2642
474.7619,303.7378,20.6190,17.3156
474.6679,303.5978,20.8364,17.1700
475.0557,306.5106,20.9525,16.9197
478.1291,310.5095,21.3975,16.7373
477.0436,313.2877,21.4789,16.5891
475.0408,319.7559,21.3339,16.5391
475.1049,320.3309,21.1871,16.2669
475.4688,323.0418,20.9300,16.3192
470.2474,322.3927,20.8038,16.3672
468.2068,322.1082,20.8114,16.3616
470.0120,325.5070,20.6360,16.4903
468.0708,324.2300,20.6463,16.4806
463.8768,326.0756,20.8994,16.2608
462.3335,323.0451,20.9068,16.2051
459.7885,324.6091,21.0376,16.1123
457.0613,323.4321,21.0203,16.1253
453.0810,323.5957,20.8740,16.3322
449.7402,325.2731,21.2551,15.9212
447.1284,327.1711,21.6385,16.0842
445.6805,328.3224,21.5139,16.2790
443.7031,329.4075,21.1670,16.3141
441.2688,330.0256,21.4576,16.0888
440.6673,329.7399,21.2997,16.0871
439.1317,330.9571,21.2368,15.7966
439.2367,331.0532,21.2600,15.8186
440.2137,333.0124,21.5469,15.7795
438.6559,331.6425,21.2841,15.4720
440.1893,333.2755,21.4478,15.1629
441.6879,332.1272,21.4909,15.0942
445.3639,333.0565,21.2733,15.0135
446.2485,333.3319,21.2487,15.5900
447.7016,334.5839,21.4222,15.7345
447.2324,334.5539,21.4962,15.8062
447.6967,334.5538,21.3809,15.8206
446.7462,335.9237,21.3290,15.7687
444.9807,336.8521,21.2738,15.7527
443.2785,338.0271,21.2102,15.6927
440.3770,340.1404,21.1545,15.7090
435.4155,338.4474,20.9662,15.4702
430.5174,337.7104,20.9370,15.4617
424.1671,338.6836,20.6242,15.2762
419.7914,337.3794,20.5381,15.1451
413.0469,337.0416,20.4916,15.2406
408.5593,335.8041,20.4092,15.1030
402.9059,334.1310,20.4577,15.1587
398.2165,328.9146,20.6381,15.6607
390.0970,323.9701,20.4810,15.8359
385.7216,320.1884,20.5208,15.9131
379.5160,317.9398,20.7033,15.8352
374.5504,314.5780,20.6930,15.7423
369.9696,311.6720,20.9413,15.8936
367.3088,308.6650,21.0621,15.8666
365.0629,305.1447,20.9632,15.6439
360.8045,302.2501,20.7352,15.3995
358.4899,299.7029,20.4369,15.5636
357.2022,297.3686,20.4528,15.3757
355.7929,293.9918,20.4527,15.1474
353.3969,291.5539,20.0518,15.2374
352.5519,289.8360,19.6407,15.3364
