1
37.8979,601.8067,82.7132,54.0061
69.9863,612.1498,82.4195,56.2319
68.7047,616.9567,82.9612,57.6453
97.2921,610.2128,82.9802,57.8030
111.9842,607.4351,82.6540,57.1477
143.0985,596.4850,82.0169,57.6393
151.0884,600.4433,82.1068,57.5695
223.3814,592.2352,83.2032,58.1265
216.3306,592.1065,83.3936,58.0227
296.6786,592.8394,83.9474,58.9191
312.8629,594.0825,84.6680,59.9796
384.5475,598.5751,85.0574,60.1310
350.0145,596.8119,84.9567,60.5179
399.8123,594.7250,84.8442,61.0199
433.2931,592.8829,84.7331,61.4864
464.5942,591.4203,86.4317,61.2293
478.1830,591.2565,86.3354,60.4608
510.6109,595.6983,85.7243,60.0199
525.0015,594.5703,83.5651,59.3404
566.1843,595.3232,83.7475,59.8121
583.2284,597.5455,84.8312,60.4016
590.2081,594.3741,85.4636,60.9632
609.8239,592.0803,84.3602,61.4934
623.3657,586.8267,84.7678,61.5729
622.5068,580.7685,82.8407,62.6832
573.7656,617.5261,82.6705,62.5574
593.7648,611.5988,81.3757,62.9905
2
0
0
0
0
1
727.6409,403.2506,73.8498,90.8421
730.2721,400.0693,75.0106,88.9104
722.1840,390.1425,76.2117,86.0806
704.7950,376.6296,77.8084,82.2719
691.8771,373.8951,79.0128,78.8184
686.2451,374.0584,80.5642,75.5587
686.9281,373.4782,81.2935,72.6451
683.5322,374.9313,82.8393,70.1604
676.7275,374.9329,83.0926,68.6047
674.8887,378.3284,83.9678,66.6531
674.1386,370.9387,86.3140,65.3071
671.1484,371.1322,88.6687,63.9358
670.1508,371.2862,90.5270,63.1764
668.5605,371.7302,91.8451,62.4546
667.2074,371.8432,93.2891,61.8448
665.8713,371.5359,94.8664,61.2513
710.1791,369.9700,95.1311,60.4460
690.2096,373.7657,96.2479,59.6546
692.6379,366.0041,96.8347,58.8738
706.0416,366.0837,98.2523,57.8770
738.2609,373.3814,99.3555,57.0819
756.7355,366.5881,99.2970,56.8915
748.0912,366.4190,99.2177,56.6181
765.7057,370.7715,99.2696,56.8834
731.0133,362.9565,99.0823,56.1173
733.5408,364.3611,99.3743,55.1430
735.3725,364.8521,99.7215,54.3905
736.1727,364.4210,100.0779,54.0213
737.3550,365.3931,99.7519,53.7280
738.0991,365.3844,99.6508,53.5418
740.4324,364.4808,100.2778,53.1283
749.4062,367.0224,100.8973,52.9801
757.6404,367.1673,102.1389,53.2277
757.5536,367.3211,103.1044,53.5152
757.4515,367.8644,103.8443,53.9015
746.1804,367.2418,104.3240,54.2735
729.8779,362.0377,104.2783,54.2863
719.9388,369.2127,104.6262,54.6081
693.7818,362.4467,104.9944,54.4596
670.4592,369.9950,105.2498,54.6434
648.8089,370.1661,105.2998,54.6587
621.2305,371.5207,105.3124,55.0459
605.4036,372.4081,104.2646,56.5230
582.1658,367.7772,104.1929,57.7766
588.9622,357.2672,101.7273,60.0815
599.2827,365.9675,100.8326,62.4208
558.5469,369.5079,101.7150,62.8058
506.2583,373.7792,102.2041,62.1005
460.3235,369.0918,102.2846,62.2395
398.0244,371.3072,100.3910,61.9307
2
0
0
0
0
1
524.3012,358.6777,99.4204,49.5315
553.7585,359.4260,98.6039,50.4621
617.4564,359.4975,98.4572,50.7842
641.7472,359.1304,97.5409,52.8134
562.9846,349.6050,95.0569,55.2128
609.3742,349.8535,94.5082,56.2925
2
0
0
0
0
1
754.0708,347.8933,78.9397,66.5733
2
0
0
0
0
1
828.6844,226.5210,66.5642,64.3604
816.5128,212.4640,68.4268,62.3240
800.0809,213.7041,70.0908,60.4501
796.5744,214.1926,70.6949,58.2457
805.6033,213.5248,71.3716,56.5075
802.8394,213.7620,72.9685,55.2597
817.0778,215.8000,73.6605,53.9056
830.3870,218.8074,74.3057,51.8894
849.0455,219.3483,74.5281,50.4319
889.7345,212.2812,74.0564,50.6042
904.1260,206.9464,71.8512,51.7759
2
0
0
0
0
1
932.6357,119.2194,56.1981,64.3497
930.1807,119.4115,56.4518,64.4587
929.9077,110.7752,56.4006,64.5553
928.4307,111.1730,55.4179,62.9654
2
0
0
0
0
1
816.8152,119.6625,91.8349,29.8702
801.9271,121.8462,90.5766,29.7185
793.9856,121.3100,89.0673,29.8825
783.0912,120.5569,87.3111,29.7924
768.2398,120.5507,85.8017,30.0005
758.9544,123.6990,84.9168,29.6810
734.3253,120.5529,83.4645,29.8927
722.4650,120.8108,82.7820,29.9105
710.9739,120.9755,82.6042,29.8197
696.4949,121.4045,82.7866,29.7111
696.4503,123.1615,82.9784,29.7151
696.7753,121.6014,82.9764,29.5650
684.6477,119.4796,83.6614,29.8426
679.7369,123.2630,84.2330,29.9174
669.2731,122.5253,84.2516,29.9108
670.1979,122.7066,84.6329,30.0657
669.9370,121.7545,84.3277,30.0650
660.1958,121.5377,83.9258,29.7424
642.1862,120.0269,83.5871,29.7061
625.7054,119.4103,83.9782,29.9549
604.3636,118.9673,84.1000,29.8692
596.8657,118.9160,84.1157,29.9065
585.1246,118.1690,84.8447,30.2007
584.0715,118.8735,85.5093,30.5210
