1
553.6797,246.4510,24.1557,54.0780
558.4825,246.8749,27.1567,53.6167
558.6562,241.9306,26.0105,57.6282
558.8953,245.3329,26.5257,55.5791
557.1279,242.1815,28.1309,50.9788
540.7091,248.6758,31.4891,43.4888
521.9931,252.7075,31.3666,41.2562
506.2826,254.1493,30.2770,40.0547
509.5649,249.4920,28.5616,38.3263
491.6541,247.4116,28.8436,35.1653
490.8537,246.1928,27.9941,33.5652
493.4126,245.8594,25.5528,31.8852
500.5708,243.4744,23.0270,30.3932
2
0
0
0
0
1
396.0280,249.6254,53.5114,44.4904
382.4570,259.7939,53.2977,46.1343
388.7633,264.2051,49.4412,52.8042
366.7537,281.1749,53.0625,45.1661
355.0758,288.0830,56.8377,41.7240
336.7021,294.2971,61.0287,39.9243
336.8914,294.7980,59.9890,41.2328
325.0805,293.4883,57.9862,42.2293
311.1358,286.1434,52.9255,43.7045
305.6039,293.9665,51.8680,41.8661
258.0923,301.6576,50.4044,40.3444
225.3265,310.1702,51.6511,41.0048
209.5440,316.4738,52.7670,40.8763
199.7058,320.5962,52.3092,41.0605
183.8057,318.7252,50.7145,42.5872
182.4689,318.6289,46.4318,43.4686
184.4493,316.4625,44.3195,42.4451
185.3344,310.9140,42.4951,42.0797
197.6690,306.8699,42.6774,41.3064
212.6772,299.5232,41.2714,43.4603
224.5529,302.5015,45.0925,39.6571
242.7086,300.9588,45.4062,38.1402
258.1717,295.0620,43.8189,37.4569
272.0931,295.4164,43.7395,36.0339
300.1007,287.7145,42.5790,35.9222
309.0320,287.1467,42.3494,35.2346
325.8768,266.9684,41.2318,36.3452
355.7740,257.1867,39.0645,36.8612
365.1269,264.3098,37.2419,35.9876
372.4131,284.4788,37.4561,36.0654
415.6750,284.5638,36.4586,34.2289
437.8176,287.2037,34.6933,32.7013
441.9187,283.4133,31.3359,36.1470
450.5072,284.2631,32.3035,33.5384
448.2663,284.9492,32.5251,31.3907
461.1628,288.3628,32.7814,31.2449
474.0344,275.9597,32.3490,30.5372
466.9131,277.9050,33.4844,30.0749
458.6492,279.5075,35.5431,29.7117
448.8079,281.8586,38.7572,29.0117
443.5465,282.2393,42.8435,26.4072
427.9427,281.9736,41.9825,27.6089
419.8605,286.8701,40.8712,27.8711
409.4438,287.6035,41.0422,27.5677
387.2658,290.2175,40.5883,27.3739
378.5880,290.8135,38.0446,28.8289
353.8837,292.7575,35.9263,29.3520
326.0933,303.0004,36.3023,27.2735
317.9086,303.1623,34.7846,28.0900
293.0810,299.1767,32.4983,29.9120
280.2878,306.1286,32.7277,30.2831
278.2202,295.2931,31.9208,29.5386
267.5059,293.2178,30.3612,29.5939
250.5677,268.1248,30.4266,27.9606
250.0725,259.8362,27.3699,28.1502
251.2367,261.1995,27.3348,28.0905
237.2366,258.5213,26.1048,26.8575
2
0
0
0
0
1
227.2511,118.5684,64.6042,55.7111
220.8910,115.2234,68.7104,53.9475
213.7224,125.2990,73.7803,53.1190
215.2462,126.9530,71.8933,55.8742
213.3340,135.7560,74.9853,54.2251
212.0357,136.3249,77.3439,53.2953
209.7158,139.4444,77.9505,52.1645
214.7134,139.7004,79.7404,50.7951
204.5993,130.9596,77.0398,54.1063
192.9383,133.0091,85.6960,51.6377
182.3850,135.5408,84.0831,51.3137
188.0698,128.4755,80.6745,53.8498
189.5788,133.7480,82.7713,52.4260
194.1119,135.6371,79.7254,52.7010
201.2011,138.6338,81.1304,52.9105
218.4074,139.8524,79.0400,54.2561
236.8159,140.3986,80.1712,52.3075
