1
509.4443,199.0389,54.5471,30.5099
504.0948,197.3993,54.8118,30.9045
494.6226,196.4558,53.2898,32.1155
480.4825,199.2987,52.2431,32.7333
474.8967,198.7109,51.5320,32.2697
458.8492,195.9667,50.3611,32.3400
439.7888,194.2197,49.2597,32.9032
436.2425,193.3112,47.8984,33.9511
424.1165,189.5000,46.5371,35.2241
414.8177,189.4178,45.0032,36.4038
407.9999,186.0674,43.6115,37.5033
395.7133,181.4303,42.5414,37.7023
378.9947,178.2387,42.4970,37.7303
372.8158,176.2149,42.2350,37.4438
359.0822,177.3567,42.6632,37.0324
348.6186,180.7002,42.5948,36.5459
346.4413,178.7428,42.4040,35.9345
322.8397,169.4715,42.2755,35.0654
317.8639,168.2512,42.0774,34.7362
304.8669,167.8478,42.1169,34.7723
293.2510,171.7895,41.5241,34.3698
285.2338,166.5171,40.7078,34.3936
251.8751,184.1483,40.1422,33.8111
252.3237,175.2061,40.0258,33.3304
244.5123,174.3708,39.6795,32.7977
238.3751,180.9443,39.3942,32.5893
234.0777,158.3687,38.6263,31.8406
221.8918,158.9078,38.3243,31.5073
231.4614,159.0334,38.3735,30.9491
232.8553,160.5618,38.3697,30.2749
2
0
0
0
0
1
152.8039,150.8261,47.5465,33.4126
147.9428,165.9482,46.4050,33.2297
2
0
0
0
0
1
2
0
0
0
0
1
154.5120,174.6177,34.8993,27.5115
156.6978,176.0833,34.3237,27.8317
157.7893,177.2970,33.3940,28.6888
161.3837,173.4412,32.3245,28.9671
165.0206,177.7006,31.7262,29.9064
166.8262,176.7555,31.1464,30.3226
168.2788,204.6650,31.2820,29.6533
173.8324,210.0036,31.2797,29.1566
2
0
0
0
0
1
180.9214,181.5909,32.0569,32.4786
185.0494,183.2987,32.1428,32.7661
187.7722,185.6625,31.9264,32.5233
191.3859,185.5965,32.3801,32.9009
196.2587,177.3660,32.0498,33.1738
199.3373,189.9403,31.9218,33.7356
202.1352,199.1251,31.5696,33.4031
205.4731,203.7554,31.0458,33.0598
208.2781,205.2635,30.5054,32.8050
191.3879,212.5335,30.1255,32.8441
197.6007,209.3840,29.8733,32.8342
214.8768,198.3109,29.7863,32.6394
216.2051,199.3956,29.7536,32.8176
220.5867,204.7849,29.6503,32.8932
222.2474,207.1278,29.5342,32.4742
216.2175,211.9575,29.0660,32.0115
217.6666,216.0931,28.6391,31.4630
223.2529,221.4513,28.1981,31.2043
225.0298,223.5401,27.7679,30.9307
226.8337,224.3253,27.4514,30.8132
212.5135,236.9221,27.1269,30.4176
213.8409,237.0119,26.9871,30.1027
215.7509,244.3889,26.7519,29.8998
223.6288,244.2801,26.5837,29.8432
228.2486,242.9715,26.5256,29.7190
233.0949,255.1553,26.3762,29.5607
237.9594,256.7547,26.4236,29.5090
242.0486,257.0828,26.3775,29.4916
242.2383,261.1613,26.4184,29.4981
253.3089,261.9504,26.1805,29.5050
2
0
0
0
0
1
259.4583,252.6947,53.9972,35.4857
261.5236,253.3441,52.6736,35.9073
263.3740,256.8703,51.1100,36.5744
266.5267,261.8347,49.6378,36.5392
262.6350,263.2181,47.9734,36.5728
266.6147,258.5733,46.8002,36.9049
270.7620,269.4743,45.7056,36.2709
270.6156,271.3594,44.8148,35.7827
271.6955,267.7804,44.3408,35.1919
275.0489,277.2735,43.9332,34.9165
272.4343,278.4812,43.5381,35.1562
269.0931,279.9214,43.3805,34.9596
281.6994,290.2111,42.6040,35.2906
290.3078,292.0014,42.0426,35.1954
281.8680,288.2168,42.2498,34.9631
271.1385,289.6272,41.7505,34.9567
270.2974,290.7680,41.3413,34.4318
269.4478,289.0772,41.1950,34.3035
268.3800,289.6257,41.3916,34.0986
269.8448,291.7776,41.8129,34.1660
267.3200,293.1060,41.7480,34.2043
265.6714,295.8114,42.5005,34.2196
265.1071,298.2500,43.3299,33.8446
260.4674,301.8680,43.2749,33.6357
250.0586,328.8991,42.6822,33.7079
248.7384,335.7823,41.9481,33.6448
246.2829,335.0351,41.2016,33.4884
239.6132,346.0085,40.4654,33.7501
252.3631,339.5294,39.7807,33.2488
255.0500,312.3831,39.5602,33.3367
252.4659,311.5411,39.7878,32.9904
254.5104,303.4753,39.4714,32.5747
259.1874,294.4621,39.4040,32.0405
2
0
0
0
0
1
241.8443,345.5043,52.3481,29.3987
244.1970,346.0939,50.7052,29.9713
281.3781,360.6632,48.9563,29.6359
289.9000,368.7637,47.5002,29.4119
2
0
0
0
0
1
237.4324,352.0683,47.8321,31.0739
240.0224,344.6864,46.2950,31.5659
245.0838,357.3218,44.9335,31.7087
248.9379,355.5637,43.8028,31.6765
253.5442,353.5516,42.7113,31.2378
252.2977,347.0574,42.0775,30.9202
256.8851,349.7047,41.4765,30.5435
251.1743,330.4510,40.1552,30.4749
