1
592.7538,204.7293,44.8431,37.9765
589.9589,203.5688,45.4144,38.8130
587.1850,202.1120,46.0143,39.4610
583.8325,200.9004,47.0591,40.3581
580.9549,199.1023,47.5344,40.2936
578.5509,198.7724,47.8848,40.6169
574.4119,195.8776,47.3559,40.1593
577.4336,194.7898,46.1567,39.4465
583.1436,197.5740,43.1818,40.7285
578.8857,197.2609,40.4859,42.1895
576.8361,195.1858,37.8130,42.7137
575.8698,192.6047,35.7134,41.6425
575.1389,191.1996,34.0887,40.3141
574.7255,192.3796,32.7438,39.3359
575.0369,190.3744,31.5422,38.8891
574.6168,187.3804,30.4297,39.8279
573.6948,187.1580,29.5986,39.8376
573.3264,186.2814,29.0905,38.9873
573.0163,185.9481,28.8053,38.4359
572.8489,185.3430,28.5046,37.9618
572.3741,185.0764,27.9937,37.6220
572.1195,184.2663,27.9095,37.2353
570.7841,183.8183,27.5078,36.8177
570.3400,185.6115,27.2135,36.7760
570.2124,186.5494,26.9592,36.5602
569.5792,184.9682,26.8092,36.4364
569.1630,185.8860,26.7585,36.3388
568.8406,186.3014,26.6269,36.1124
568.2361,186.6554,26.4386,36.1762
567.8629,186.9442,26.1073,35.9411
567.3213,187.4402,25.8672,35.4402
566.8399,185.6690,25.6003,34.8649
565.5842,184.5146,25.0476,34.6598
565.7618,181.9397,24.3052,34.5834
567.8569,182.3881,24.1036,34.4703
562.4218,184.3909,25.8802,34.5429
557.2156,183.2417,28.1884,33.7505
554.9500,184.1627,30.6691,33.0233
551.3000,185.1606,33.3766,32.3949
547.5015,183.6553,35.5003,31.9870
547.1063,184.9479,37.3657,31.5226
548.0018,187.4401,38.7234,32.0283
545.4073,187.6185,40.3849,32.1401
543.7811,187.5192,41.2689,32.5393
544.0504,188.0549,41.6005,32.9374
543.4077,187.4631,42.1644,33.1913
543.5364,188.1127,42.7071,33.4276
542.6677,188.6399,42.9327,33.8363
542.7330,188.9051,42.9059,34.1128
542.7116,189.1616,43.2260,34.3574
543.8864,189.2331,43.3125,34.4866
544.7336,190.0021,42.9528,34.6532
545.7379,190.4468,42.6296,34.8926
547.3314,190.7376,42.1724,35.1104
548.8392,191.1558,42.2908,35.1729
553.6063,188.3633,40.9133,34.5719
559.9664,190.3095,38.5540,35.0225
559.9871,190.7113,36.8415,34.5921
565.1855,194.7790,37.4928,35.2690
569.1926,193.9211,39.1338,34.8848
571.4299,193.5323,41.0713,33.8093
573.1523,195.1493,42.8417,34.2262
575.4520,196.9197,43.8023,35.0119
581.7675,194.0089,43.9899,34.2629
582.6870,195.7327,44.3614,33.8611
584.6240,196.9436,44.4824,34.2684
585.8803,195.2491,45.5181,33.4626
587.4858,197.3951,46.0017,33.1509
589.4240,198.5102,45.7943,33.6802
591.2840,197.1083,46.4838,32.9290
590.3274,197.4105,46.5677,32.8357
593.1532,199.6411,46.7812,33.2587
595.7328,197.8196,47.1684,32.8128
597.5370,199.7967,47.1912,32.8382
599.0397,198.5719,47.6321,32.2514
601.6014,201.5787,47.7063,32.3432
603.6277,200.6381,47.5893,32.0316
602.7310,201.0189,47.8047,31.9608
606.2700,201.1608,47.9554,31.5873
605.9449,202.3979,48.0878,31.6201
609.2911,202.6190,48.0490,31.2413
608.9944,203.1405,48.2739,31.1684
612.7454,202.7937,48.2867,31.0971
612.1393,204.2248,48.6990,31.0601
615.6697,204.3241,48.6611,31.0420
614.9191,205.3327,48.8959,30.9764
618.6653,204.9251,49.0108,30.5754
618.4866,206.3271,49.0441,30.7305
618.3123,206.6914,49.3396,30.8846
621.3704,206.5079,49.7358,30.7938
623.3438,209.2416,50.3750,31.1850
629.1594,209.6105,50.8267,31.4961
629.2612,210.7457,51.9449,31.6152
631.1654,210.8526,52.2162,32.3473
628.3167,209.3673,52.7283,31.8300
630.2456,211.3798,53.1285,32.1622
629.6049,211.9359,53.5937,32.9492
630.5195,212.6157,53.7348,33.5433
629.0332,210.2888,54.2161,32.8662
628.5089,212.5400,54.6093,33.0199
626.8734,210.5893,54.5992,32.6469
622.1434,209.7084,54.2243,32.3002
615.2195,208.5946,51.5919,32.0549
614.8696,214.3041,49.0133,33.6207
618.9432,210.7085,45.9606,34.4302
616.5762,209.5927,45.0932,34.7356
613.5268,211.6991,43.9705,35.4867
611.3702,211.0307,42.8953,35.6225
610.9481,208.2410,42.1831,35.0851
609.9638,209.1348,41.1008,35.1512
609.2101,208.9413,39.7309,35.3087
608.6556,208.2784,38.3750,35.2010
607.1063,208.1881,37.5292,35.1390
605.1451,207.7300,36.9754,34.9872
603.2975,206.8501,36.6494,34.8993
601.5401,206.3045,36.2612,34.5750
599.9940,206.2604,35.8426,34.2695
598.2162,207.3235,35.1767,34.5146
596.7823,205.7581,34.7038,34.4940
595.3480,205.9994,34.2378,35.0329
593.7117,204.8575,34.1759,34.7741
592.2480,205.4268,33.8231,35.4210
590.0892,204.1002,34.0371,34.8533
588.4952,203.6342,33.9634,34.3695
587.2690,203.1753,33.7859,34.3053
586.9957,203.0390,33.1464,34.1218
589.2241,201.1039,31.7892,33.7578
587.4993,199.4296,30.4300,33.2288
588.9938,201.8665,31.2969,33.9418
586.7234,203.9103,32.8999,34.1340
582.9907,204.8094,33.6178,33.5942
591.2778,200.2973,35.0377,33.9406
590.1273,201.0141,36.4565,33.9765
588.7971,201.7058,37.6560,34.2040
588.1593,202.3608,38.2305,34.7524
587.4123,202.4386,38.8863,35.3012
585.1740,199.7702,40.2975,34.7731
584.6340,200.0661,41.1219,35.2664
582.6619,200.6770,41.8979,36.0779
581.1929,201.2607,42.6833,36.8121
580.7963,199.6531,43.2461,36.2984
579.1027,200.8410,43.8701,36.8930
579.4246,199.7136,44.3860,36.5975
579.9829,199.0066,45.1031,35.9708
579.0563,199.0302,45.2196,36.0668
580.6304,199.3017,45.2828,35.9684
582.0799,198.8123,45.3370,35.8941
582.3557,198.1589,45.3879,35.5295
583.5095,198.9897,45.0113,35.2961
583.6875,198.2330,45.1300,35.2909
585.2812,198.5905,45.1039,35.2877
586.3743,198.3217,45.0500,35.0964
587.8363,197.5029,45.1929,34.9982
586.4273,200.9181,45.9965,35.7016
584.7702,203.0502,47.0852,36.1365
597.8672,200.4174,48.1070,35.7946
601.1547,198.8489,49.2548,34.7911
608.7067,198.9122,48.9988,34.5345
609.9512,198.8179,49.1317,34.1537
609.4888,198.9023,49.0129,33.5910
611.6906,199.7881,49.2448,33.0420
611.7727,199.8460,49.3773,32.9290
613.9356,200.4571,49.5526,32.7775
615.2206,201.0861,49.8995,32.3872
614.0002,199.0666,50.4232,31.3504
617.5109,197.9591,50.7423,29.9427
637.8596,182.0891,49.8227,30.7660
633.3573,177.2695,50.4102,31.0020
630.6982,175.2202,50.6167,30.8082
622.8973,176.8818,49.8480,30.8888
613.7304,176.5369,49.2380,31.2144
601.0075,176.7004,49.4932,31.6890
592.8435,176.5262,50.0204,32.1559
2
0
0
0
0
1
611.5970,200.5848,56.6631,48.9041
610.2898,200.6747,57.4461,49.6487
609.9420,201.6182,58.5134,50.3517
608.7825,200.9337,59.4313,50.8340
608.8498,201.7487,60.0682,51.3256
610.4850,199.7147,60.6474,51.5977
609.1312,196.4266,60.0909,51.5369
607.8737,193.3829,57.9068,50.8737
604.1085,198.8979,54.4266,52.3924
608.2206,205.1728,51.1782,54.9586
609.3518,205.8483,48.2137,57.5597
609.3721,202.1753,46.0827,58.8567
608.9183,203.5705,44.4058,60.1231
608.5543,200.9108,42.8880,60.8861
608.4373,202.5343,41.6669,62.1750
607.9536,200.4020,40.7708,62.2676
607.7642,199.7845,39.7924,62.5870
604.5449,198.8778,38.4046,63.7716
602.8343,200.8464,37.2963,64.4688
602.4124,198.8114,36.6539,64.3972
601.1938,200.8375,36.1744,64.6905
600.6613,201.8838,36.2199,63.8850
600.4132,199.3525,36.0552,63.1624
599.6760,199.7729,35.8569,63.2956
598.5648,200.9318,35.7010,63.2561
597.8585,201.7313,35.6299,63.1314
597.2305,202.2976,35.5123,62.6681
596.3675,202.9132,35.3659,62.4307
595.1566,199.2479,35.3536,62.4054
594.8361,200.9238,35.1386,62.7304
593.9535,198.9573,35.1272,62.4691
592.6926,198.5569,34.9428,62.4295
591.9418,201.6717,34.9180,62.5748
590.7998,200.4173,34.8883,62.2387
589.9958,198.9367,34.8655,62.0315
589.6838,201.6522,34.5496,62.4282
588.3008,200.3378,34.4588,62.8108
587.0952,198.9323,34.5733,62.7468
587.5582,201.5009,34.8473,62.4541
586.2792,199.7721,34.8745,62.5031
586.3628,201.0529,34.8687,62.7814
586.0283,201.3397,35.1263,63.2311
585.5007,201.9938,35.3811,63.8369
585.2468,199.5245,35.6573,63.4676
587.2106,202.0472,35.8054,63.5723
585.7675,204.7192,37.3360,63.2918
588.9941,207.2186,39.0558,62.0112
585.1824,208.3494,41.1835,60.4069
580.3189,208.8154,43.9420,58.9586
576.2892,205.2322,47.0487,56.7225
572.7654,207.1055,50.0118,54.7103
569.4258,208.8968,52.9331,53.0987
566.0706,211.0338,55.0677,51.8470
562.5134,212.0219,56.5239,51.2478
555.6243,211.2750,58.8231,50.0440
554.1223,212.4830,59.8291,49.8169
545.8216,212.1809,61.8581,49.0955
544.3555,212.9630,62.5700,48.9548
537.2150,212.6022,63.8496,48.1265
535.6290,213.8107,63.8578,48.1135
532.1322,215.7703,64.1347,48.3454
522.9525,214.8798,65.6269,48.0955
519.9309,215.7510,66.1224,47.9763
516.4940,217.3582,66.5974,48.4505
507.2614,216.8833,67.2089,48.7657
500.7894,216.3491,67.1106,47.8512
498.7345,217.7278,66.6659,48.2614
495.2510,219.1637,66.6997,48.5655
487.6795,218.6916,67.0514,48.0334
481.0425,218.5304,67.3123,47.1532
478.5929,219.4856,67.1691,47.2176
472.3788,219.6943,66.9891,46.3368
469.1310,221.7471,67.2192,46.1652
465.6316,222.8445,67.0509,46.3940
458.3004,223.0509,67.2090,45.9503
456.0203,223.3526,67.5443,45.7673
452.8145,224.6951,67.0903,45.8783
445.5997,224.5446,67.1200,45.3000
437.2979,225.7370,66.8767,45.2307
437.9802,225.1800,66.6064,44.7446
435.6813,225.7314,66.4016,44.3531
433.3099,225.8731,66.2460,44.1800
431.5998,226.5180,65.5551,43.8316
431.1104,225.6083,63.2040,43.0556
433.2158,226.7618,60.6963,43.2141
434.0697,227.9538,57.3738,43.3788
434.7444,229.5902,54.1496,43.7647
434.2056,230.2302,51.3428,43.6845
433.2335,230.2977,49.1504,43.1874
434.0848,231.3318,47.8207,42.8087
432.7455,232.0147,46.1730,42.3234
432.4086,235.0950,45.0263,42.7623
431.3354,234.0092,44.1927,42.2658
430.6534,236.2414,43.7824,42.3175
429.9123,237.6614,43.5211,42.1716
429.1524,236.1129,42.6085,41.2295
429.3733,237.5634,41.9887,40.7462
428.7630,239.0137,41.8569,40.4868
428.2353,239.1091,41.2506,39.9586
427.7823,239.4766,40.5690,39.6460
427.5713,239.8925,39.9116,38.9452
428.4326,240.3510,40.2549,38.7314
426.0501,239.7468,41.1666,37.4491
426.4492,239.7227,43.0933,36.1307
421.0852,238.8586,45.6422,34.4472
417.1697,238.0929,47.8775,32.6879
417.0627,241.6036,49.5110,31.7029
416.5771,241.5169,51.3326,30.6591
411.2980,243.6236,52.3973,30.7680
409.8544,245.6803,53.5202,31.0049
405.6176,244.1128,54.6880,30.4662
406.5219,247.3660,55.3626,30.2778
406.2827,249.8722,55.5467,30.5723
401.6684,251.5060,56.6671,30.7024
396.6716,251.6343,57.5274,31.2372
398.3671,249.7577,57.7560,30.4339
397.4780,252.2573,58.0874,30.1444
395.4706,254.1736,58.1132,30.0633
397.0073,253.6387,57.5246,29.7887
402.6742,252.8595,57.4039,29.9694
406.9533,253.9673,56.4194,30.8194
409.3274,258.3958,53.8126,31.8404
411.4319,258.6049,51.4118,32.3778
413.0514,258.9153,49.1823,32.9806
415.0056,258.8326,47.3858,33.1846
415.3563,258.2503,46.5897,32.8130
416.9140,258.8836,45.8954,32.9771
417.9635,259.3141,45.0076,32.7074
417.5478,260.8377,44.0088,32.0346
419.3745,261.7776,43.1959,31.7706
421.2360,260.8269,42.7827,31.4355
421.7998,260.8107,42.4271,31.3477
422.5820,261.5507,42.2766,30.9938
417.5243,261.7726,42.4130,31.1626
414.1144,259.6263,44.1877,29.9691
406.7142,258.0271,45.1819,28.7370
407.1501,259.4483,45.8752,27.9271
407.2367,260.2372,45.9298,27.5452
408.7452,257.6571,45.2109,27.0909
410.0335,257.0871,44.5630,26.5573
410.6287,258.7834,44.4741,26.2853
410.8504,257.9930,44.6119,25.8756
411.0339,257.8323,44.9502,25.6508
411.8211,257.6938,45.0756,25.4688
412.9444,257.6822,45.3202,25.3030
413.8607,257.9779,45.4635,25.2840
414.8320,258.0107,45.7621,25.2955
415.5205,258.2492,45.7752,25.2915
417.9321,258.3666,45.6058,25.1205
418.7162,258.5117,45.6696,25.1396
421.0332,258.4138,45.3657,25.0949
423.6587,258.6024,45.1571,25.1236
424.5798,257.5187,45.3697,25.0178
427.2684,257.0517,45.3427,25.0276
430.0796,257.0974,44.7801,24.9311
435.8279,256.6729,45.0449,25.0839
440.8192,256.8647,44.8573,25.3823
446.0218,256.7094,42.7879,25.8519
455.8029,254.7445,40.3516,26.4887
462.1022,254.1041,37.9181,27.5996
466.7945,255.4185,35.6063,29.3258
471.6744,252.5040,33.4282,30.6444
476.3537,251.5727,31.4658,31.9658
480.4624,250.2590,29.7977,33.2938
484.7821,248.6985,28.4826,34.2771
486.9935,246.6168,27.5751,34.3061
491.7823,245.0274,26.7111,34.3202
494.5331,242.5780,26.0656,34.1748
498.5121,241.4106,25.5425,33.6736
502.2924,241.3826,24.9805,33.3362
505.6559,240.6320,24.6559,33.0154
509.2130,239.8400,24.2576,32.7026
512.4832,238.3999,23.9892,32.3745
516.4865,237.8771,23.6460,32.2999
519.7896,236.9924,23.5282,32.7655
522.8884,236.0777,23.4614,32.9170
526.2570,233.1131,23.4603,32.3614
530.0472,232.4767,23.1983,32.0238
533.5050,232.0460,23.0270,31.9399
536.3508,229.0591,22.9934,31.6285
540.1465,228.1707,23.0540,31.0554
543.4211,227.5530,22.8673,31.1984
546.3633,225.9522,23.0174,31.2298
548.4239,224.6528,23.2478,31.3288
551.0491,223.4190,23.8131,30.7461
553.8022,224.1705,24.6088,31.0380
556.2058,223.7223,25.8248,30.8771
555.7737,220.8179,27.7791,29.7449
553.0424,219.9230,29.9453,28.5658
553.8882,219.7780,32.2524,27.4185
554.5104,219.6276,34.1415,26.4150
552.5118,218.6806,35.9343,25.5278
553.9716,217.6911,37.7725,24.7543
552.2001,215.8133,39.4130,24.4889
554.2175,214.4991,40.6988,24.2132
553.5781,212.3061,41.6933,24.3954
555.8443,211.4778,42.1556,24.6450
557.3279,210.0630,42.8750,25.0998
556.1862,208.3974,43.1970,25.3805
557.4711,207.1509,43.7198,25.8626
556.3356,204.9461,44.5605,26.1320
555.4989,203.0656,45.4353,26.3975
557.3832,202.1167,45.7519,26.6993
555.7239,200.4230,46.0643,27.0572
557.8927,200.0545,46.2223,27.4622
555.9927,198.3447,46.5993,27.7421
553.4863,196.6229,47.3571,28.1949
554.8304,195.3421,47.8192,28.7967
556.5975,193.9852,48.0878,29.1466
554.0348,192.3100,48.7945,29.4957
550.9041,190.2773,49.8181,29.9569
551.9514,188.5960,50.6467,30.2138
548.7729,185.4825,51.4754,30.9526
544.3943,181.7898,51.8628,30.7403
543.4429,178.8525,52.2338,30.4292
545.4657,176.8103,51.7406,29.8665
549.9109,175.4035,51.1292,30.0463
555.9291,170.0235,48.7091,29.4872
562.7967,176.4709,46.0891,31.4947
564.0204,179.7666,43.8988,33.4259
563.6968,178.6892,41.2628,35.4156
566.6589,177.0107,38.7648,37.8348
565.9631,172.8692,36.4465,39.4789
568.4160,170.6701,34.4290,41.6887
567.6523,169.3370,32.9576,42.7740
567.1547,165.9386,31.6944,43.6896
569.5439,164.5449,30.6812,45.0525
568.3842,161.6590,30.0692,44.6845
568.0807,161.6423,29.7382,44.8053
567.4476,160.7550,29.3910,44.8459
569.1101,157.5739,28.7494,45.2915
567.9309,157.6489,28.7613,45.0093
569.1863,155.7823,28.1813,45.5719
567.9490,155.7720,27.9709,45.4368
568.7114,153.3454,27.6017,45.5762
567.4988,153.4785,27.5453,45.6832
566.3251,153.2548,27.6083,45.4486
565.0496,152.9777,27.6989,45.0804
565.7662,152.1822,27.6301,45.2208
563.7244,148.4273,27.6009,45.3396
562.4571,148.4011,27.8210,45.0630
561.8023,147.9785,27.9013,45.0199
561.2105,147.3361,27.7930,45.8381
560.5776,146.7427,27.9857,46.4659
561.5744,144.4557,27.8053,46.3793
560.3912,145.1154,27.9705,46.4213
559.4716,144.5088,28.1972,46.5212
560.5036,143.6139,28.1558,47.1822
560.9811,143.4019,27.8920,47.9988
558.9768,142.5500,28.2646,48.4178
559.9673,140.0694,28.0012,48.6906
559.0388,139.6705,27.5592,49.1923
559.3801,140.6578,27.3036,49.7084
558.9903,138.8165,27.2272,49.6992
558.3228,137.9995,27.0097,50.0934
559.1479,139.0981,26.7440,50.7633
559.5875,140.3253,26.3606,51.3014
558.8558,138.7629,26.2906,51.6921
557.0566,138.7258,28.4891,49.8587
559.6913,142.2982,30.6525,47.9355
556.9268,141.1940,32.7485,46.3871
549.3438,135.8267,35.4921,44.4577
544.7236,133.8012,38.4357,42.4116
542.9805,135.2480,41.1725,40.3256
539.3513,136.3543,43.6568,38.8478
536.7727,137.2271,45.6594,37.5349
534.7770,137.2285,47.5322,36.5398
533.1559,137.2531,48.8458,35.9388
531.8619,137.2842,49.6632,35.6653
530.4647,137.6713,50.2995,35.5867
529.4672,137.1939,51.0098,35.4908
528.1798,137.0459,51.8168,35.2485
527.1887,137.1216,52.0766,35.2147
526.4483,137.1280,52.3757,35.2216
526.4937,136.7109,52.3999,35.3608
526.8961,137.0575,52.3277,35.2154
526.5540,136.5376,52.2923,35.4683
526.2429,136.8055,52.3474,35.5106
526.2206,136.7275,52.3039,35.6556
526.1060,136.7764,52.4500,35.7153
525.8364,136.6407,52.3872,35.8674
521.8353,135.6515,53.2243,35.6899
519.2274,133.8705,53.4760,35.5548
521.1851,130.3258,52.4976,34.7066
527.8931,134.6205,49.6412,36.0825
533.5944,140.8255,46.7449,38.3981
537.0186,141.9490,43.9120,40.6854
535.2860,138.9034,41.2817,42.5485
537.7981,138.3419,38.7755,44.9005
536.2352,135.8699,36.8325,45.8416
538.7121,136.7424,34.8317,47.1444
537.1754,134.0388,33.7438,47.2886
539.3610,135.0138,32.3204,48.2956
539.9813,136.3767,31.0061,49.4476
540.5896,134.1997,29.9186,50.1943
540.8900,134.5031,29.0677,51.1570
540.8810,132.7559,28.2133,51.5442
541.9570,133.7234,27.6576,52.3749
541.0603,131.7083,27.2198,52.7401
541.6395,132.7139,27.1485,52.9993
541.7720,133.5359,26.6414,53.2751
541.0574,130.7859,26.1363,53.2907
541.7709,132.3405,25.6893,53.5297
541.2983,130.6539,25.2686,53.1230
541.5670,132.3314,25.0123,53.3035
541.7195,132.1285,24.7840,53.5516
541.7109,131.7965,24.5539,53.6424
542.1080,131.5906,24.4278,53.6984
541.4546,131.5994,24.4148,53.7944
541.7996,131.7649,24.3230,53.6748
542.1951,131.6091,24.1739,53.7707
541.4655,131.2199,24.2563,53.4877
541.2380,131.4308,24.0399,53.6203
541.4834,129.3287,23.9090,53.2669
541.7675,130.6390,23.7381,53.2201
541.1866,128.8276,23.4624,52.9249
541.5861,129.8463,23.2446,53.0079
540.8712,129.6585,23.1398,53.0277
540.6248,131.7195,23.3357,52.7782
540.1077,129.9072,23.2904,53.0188
540.0252,128.6840,23.3046,52.7185
539.7591,128.9498,23.3442,52.2560
539.6098,129.8836,23.3875,51.5542
539.2382,129.7556,23.4393,51.3053
538.9490,129.1334,23.1567,51.6322
538.6088,128.5739,22.9449,51.8653
538.7438,128.1314,22.7942,51.9532
538.5275,128.0251,22.7734,51.8355
538.4541,127.1156,22.6629,51.9922
537.7855,127.2877,22.6901,51.7287
537.7872,127.3855,22.7629,51.7957
537.5637,126.9586,22.8683,51.6136
537.0859,126.2543,22.9784,51.8943
536.4558,125.8779,23.5888,52.1590
537.0660,122.7418,24.9389,51.6786
538.0121,121.3213,27.1294,50.2414
537.1465,122.7929,29.8192,49.1327
536.9251,123.1507,32.6108,47.7855
536.9510,123.3395,35.2260,46.8093
537.2263,123.2297,37.7439,45.9124
536.8901,122.2445,39.7125,45.6469
536.8420,122.2665,41.3566,45.3467
537.6451,121.2577,41.7634,45.2259
537.2750,121.7437,42.6659,45.6210
536.2853,121.1075,43.1811,45.9215
535.9657,119.6760,43.3374,45.9546
535.3649,119.2443,43.3607,46.0891
535.0783,120.0670,43.1689,46.6241
535.0826,119.8284,43.0612,47.2830
534.4009,116.8665,42.0261,46.7658
530.1317,120.8846,39.2895,48.6260
531.3282,122.1489,37.3849,49.8894
530.5822,121.7340,38.1360,49.8281
527.2200,116.6030,40.5332,48.0080
524.1265,115.9808,42.8111,46.6383
526.0595,117.2881,44.1946,45.7836
523.7661,117.0629,45.7226,45.0594
521.8441,116.7472,47.0952,44.5591
519.8090,116.3386,48.2628,44.6013
517.6948,115.5962,49.6870,44.5193
515.6935,114.7672,50.9839,44.2322
514.6522,113.3890,51.7791,44.1652
512.9919,112.9569,52.7790,43.7734
507.6309,112.0355,54.0798,43.1777
504.5827,109.5776,55.2315,42.4000
506.7382,113.2188,55.4588,42.4687
507.0670,111.8050,56.0923,42.6770
506.7231,111.1066,56.2757,42.7465
506.0877,110.6444,56.6114,42.9096
505.4165,110.5200,56.8810,43.0351
502.0285,108.6620,56.8127,43.1530
502.2979,108.6304,56.9046,43.1265
500.3940,107.0179,56.7015,42.6717
499.1909,109.2278,56.4603,43.1680
498.5043,106.9810,56.1003,42.5422
498.9226,105.9536,55.4071,41.8956
502.7081,104.6068,53.0740,41.0014
511.3388,109.2197,49.8927,42.4342
516.6380,115.8534,47.0114,44.8029
516.5097,113.8219,44.1328,47.6950
519.4216,108.4317,43.3445,48.6799
519.4955,107.8004,43.4680,49.0989
519.2853,107.0822,43.4999,49.0824
518.7385,107.7411,43.1853,49.1990
518.5715,107.8188,43.2628,49.1142
517.6700,107.5301,43.0530,49.0027
517.2095,107.8013,42.8720,49.0935
516.2668,107.9151,42.1950,49.5157
516.1956,107.1784,42.3012,49.4387
515.5081,108.2504,41.9579,49.6622
515.3048,107.5707,42.2643,50.0789
515.2253,107.0554,42.4114,50.2738
514.8210,106.4960,42.0539,50.3965
514.4896,106.9441,41.6727,50.4760
514.5534,107.7101,41.2506,50.6666
514.2711,106.4195,40.9922,50.8410
514.2347,107.6756,40.7886,51.1944
514.0651,106.7829,40.6413,51.6912
513.8550,106.5003,40.4861,51.7966
513.4803,107.3628,40.4798,51.8394
513.0775,107.0745,40.5358,51.7563
513.2811,107.1329,40.2875,52.0883
513.2614,107.1044,40.1872,52.1273
512.6625,107.0716,40.1021,52.2461
511.7237,107.5810,39.6279,52.3798
510.1054,109.4918,37.5247,53.6070
514.9161,112.1113,35.2908,54.3448
510.7667,111.4426,35.6476,54.3150
514.2988,112.1012,37.0073,52.9201
510.3001,108.9719,39.7393,50.8816
507.0768,109.5598,42.3867,49.4025
509.9883,112.0189,44.0967,48.5039
506.2974,109.5807,46.3658,47.2613
503.9651,110.4527,48.4809,46.0101
507.2840,113.3494,49.4220,45.5929
504.5646,113.8579,50.8346,45.7293
502.0851,113.1898,52.6463,45.4556
498.8474,112.2323,54.5817,45.0680
501.6201,114.0924,55.4527,45.3611
498.5794,113.7489,56.8961,45.3192
496.6194,113.1488,58.3074,45.0096
495.1786,112.5413,59.5263,44.6542
494.0903,112.2932,60.6478,43.7879
491.5889,113.1679,61.7285,44.0827
490.7107,110.4988,61.7638,43.1362
489.2178,111.5888,62.1284,42.6906
492.4609,114.5562,62.3856,42.4497
494.8090,113.4277,62.1301,41.9689
494.1154,113.0452,62.6493,41.5037
494.5424,113.2793,62.8207,40.6584
494.3021,113.0479,63.1295,40.2032
493.4658,113.8210,62.6183,40.8709
496.4682,116.6753,62.0300,41.3176
495.5627,112.7954,61.8387,41.0342
497.9374,115.7843,62.0045,41.3055
498.2088,112.8972,62.0981,40.3024
497.8064,114.6738,61.5443,40.8125
501.7006,116.3815,61.4696,41.1695
501.9663,114.9596,62.0563,40.4552
500.4906,116.7881,61.7756,40.5474
500.7101,117.7821,61.9118,40.5739
503.8735,120.1823,62.0776,40.3395
504.6853,119.0835,62.2785,40.1648
504.2460,118.7607,62.7919,39.3390
502.8012,120.6349,62.6841,39.6432
503.9135,119.8668,62.9267,39.0405
503.4916,121.1751,62.8441,39.0635
504.6345,120.2379,63.0762,38.7763
505.4153,120.5981,62.9155,38.1004
506.4049,121.2923,62.8612,37.6976
507.3163,121.6072,62.6663,37.3618
505.7517,123.4135,62.7991,37.5582
505.1829,121.0148,62.8484,37.1044
507.2183,122.0894,62.6643,36.6735
508.9156,123.1968,62.4394,36.6286
508.2812,121.6500,62.3389,35.9135
509.5165,122.7983,62.5045,35.6308
510.1950,123.8433,62.4790,35.7397
511.1850,124.4604,62.2167,35.7148
511.8670,125.2196,61.9820,35.8075
513.5280,124.9652,61.3790,35.3145
513.3785,125.4097,61.1573,34.9707
513.2320,125.4123,61.2267,34.2395
514.9007,125.7087,61.0762,34.0016
515.7720,125.9366,60.9288,33.6900
515.3365,126.8325,61.0848,33.6563
516.8395,126.8197,60.9714,33.5000
517.5797,127.1562,61.3311,33.4304
517.7137,127.6045,61.5450,33.3835
517.4369,125.9063,61.5295,32.8969
518.4543,127.5461,61.6418,33.0545
520.5099,127.4630,61.5220,33.0043
522.1039,128.0734,61.2310,32.8586
521.0207,125.7386,61.3762,32.8346
525.1927,123.4502,60.0752,32.2631
532.0161,122.8989,56.8203,32.4756
540.3709,135.5184,54.9504,33.8965
540.3143,137.7542,52.5982,36.0739
545.4713,131.5650,49.5159,38.7018
547.7959,125.3184,46.7039,39.5173
550.1735,124.7803,44.3365,40.1704
551.1535,122.4713,42.7650,40.3610
554.5265,122.1991,41.1654,40.8647
556.1970,122.2452,39.9852,40.8141
556.0845,122.4501,39.0457,40.5868
556.8548,122.2730,38.3804,40.1491
556.8397,122.0765,37.7879,39.6598
556.9355,123.3783,36.8391,39.5632
558.8702,122.8214,36.1153,39.4882
559.0139,123.9933,35.2307,39.4340
559.0044,124.6214,34.4427,39.3634
559.0159,124.6083,33.6765,39.1653
562.4530,124.9880,32.8013,39.8270
562.2356,124.8864,31.9926,39.8809
560.1307,122.6571,31.1324,39.3195
564.6213,126.4071,29.7035,40.8207
564.4612,125.5623,31.0136,39.7380
562.1783,125.2382,33.4575,38.5029
557.5701,124.4035,35.9123,37.0558
557.3882,124.5069,38.3042,35.8417
557.6081,124.8117,40.5142,35.0110
558.6517,124.7390,42.1972,34.5088
558.2905,125.1254,43.9880,34.0995
559.1313,124.8246,44.6055,34.0508
558.5919,124.2199,45.4122,34.1953
558.1498,123.6627,45.9102,34.5186
557.6417,122.9415,46.4655,34.6545
557.1075,122.2355,47.3098,34.8303
556.3632,122.3601,48.0660,35.0067
556.1439,122.5291,48.7100,35.3038
555.3987,122.2569,49.2802,35.7612
554.8483,122.1902,49.6624,36.2769
553.5342,121.9201,50.5795,36.4290
552.7649,121.4062,51.5617,36.3935
551.3517,121.7481,52.4612,36.1145
550.5786,121.4322,53.2589,35.9045
550.1245,121.1634,53.9290,35.7725
549.3290,121.6105,54.7579,35.9127
549.7706,121.4081,54.9226,36.1062
549.1890,119.0360,53.7560,37.0825
556.8820,122.9721,50.6771,38.9440
556.1758,122.9018,47.5786,40.3679
563.4836,118.6866,46.0770,41.3953
565.7924,119.2989,46.5056,42.3926
566.1657,119.3203,46.6425,42.6995
566.4620,119.0058,46.8058,43.1890
565.1495,118.9277,46.4835,43.3354
564.9031,119.3630,46.1733,43.8177
564.8520,119.1596,46.1539,44.4982
565.0029,120.2922,46.0667,45.3838
564.7659,117.8963,45.4752,45.5521
564.3903,118.0354,45.1559,45.6825
565.0585,120.1930,45.4010,46.1416
564.5013,119.5998,45.1774,46.9320
564.4077,119.5881,45.2409,47.2697
563.7397,119.1860,45.0878,47.7644
563.9647,118.9888,45.0056,48.2112
565.0730,119.4809,45.1960,48.5246
564.7778,118.3748,45.4063,48.5727
564.9347,118.5153,45.0031,48.9807
565.2443,118.6920,44.7988,49.3678
564.6847,118.6328,44.4040,49.8845
564.5848,118.1176,44.3764,49.9214
564.7253,117.9838,44.4684,49.7485
565.0262,117.9826,44.4239,49.8931
565.7576,118.0184,44.7433,49.8824
565.5826,118.0268,44.5930,50.2335
566.4264,115.6147,44.5903,49.8765
565.8611,116.6156,45.1233,49.8004
566.9830,118.8495,46.3998,49.6327
569.9683,117.8064,47.9351,48.8797
566.5480,121.0728,49.6765,48.1469
567.7745,120.8933,50.7913,48.0669
567.8586,121.2636,52.0874,47.7494
569.3416,119.1385,52.6553,47.9646
570.7369,118.0228,52.9657,48.1050
571.2280,119.7748,54.0073,48.1027
571.4041,120.4165,54.6997,48.3993
569.8532,119.7715,55.5265,48.7564
572.1201,119.8209,55.9246,48.8137
573.2941,118.2947,56.1418,48.5036
574.3477,118.8933,56.4377,48.1803
575.0302,119.0555,56.5567,47.9301
575.3950,117.6875,56.4231,47.5731
574.9199,118.8101,56.6438,47.0447
575.1169,118.4843,56.5335,47.0631
575.5543,118.0041,56.4294,46.8814
575.2457,118.7141,56.6466,46.5197
575.4153,118.4006,56.3509,46.5763
575.9747,118.7325,56.6375,46.7290
576.0515,118.4486,56.3443,47.0143
575.4660,117.8483,55.8070,47.5421
574.7791,117.6619,55.2278,48.7077
572.3145,116.5428,51.7356,50.3072
573.2388,122.4989,48.5219,52.3864
566.7840,115.2343,48.1091,51.9302
570.8295,117.0295,47.9187,51.2338
568.1595,113.8840,49.2634,49.8695
565.5060,114.7356,51.1819,48.7573
568.9851,116.2749,51.3575,48.5880
566.2766,116.3083,52.8896,47.9002
565.2777,115.3930,54.2657,47.5213
563.9834,114.5638,55.4391,47.0062
565.5572,113.6709,55.4681,46.8601
561.5474,112.6569,56.2264,46.2791
562.4709,112.3633,56.4694,45.9268
555.9514,110.1446,56.4374,45.1127
553.9395,112.0034,57.1509,45.0471
553.4424,112.7197,58.3596,45.1480
552.3246,110.8317,59.9799,43.6711
551.1639,112.3748,61.2128,43.4110
551.8036,112.4211,62.6409,42.0941
549.5925,114.3817,63.5316,41.9491
548.6866,112.2676,64.0226,40.8420
547.0789,114.2213,64.2915,41.2121
548.0252,112.1187,63.6226,40.2232
547.0055,114.9076,63.3244,40.3859
548.6232,114.1082,63.1896,40.1206
548.5591,113.8650,63.4770,39.6698
544.7512,116.1160,63.9865,39.9461
546.8368,114.5323,64.3028,39.6350
547.5340,114.5587,64.2666,39.2434
547.7245,113.8829,64.5791,38.9551
544.2080,113.1741,65.0001,38.1076
545.3302,112.9651,63.9614,37.0777
546.4545,112.5456,63.0159,36.1391
546.7713,113.6726,63.3811,35.8869
548.8832,111.3105,63.3990,35.6115
553.4744,110.3765,60.0823,35.7816
561.9868,118.1105,57.4487,37.7034
560.8458,113.4819,54.7399,38.7643
566.7280,109.2889,51.4107,39.7520
569.7099,107.7552,49.0203,40.1584
569.8321,106.2333,47.4370,40.0420
569.5889,108.5288,45.1231,40.1342
569.6891,106.1252,43.8231,40.0608
570.4117,107.4405,42.5594,39.8525
570.7946,106.5589,41.4931,39.2279
570.7250,108.2275,40.3353,39.0838
570.7621,106.9645,39.3117,38.3237
569.8758,108.8469,36.8803,38.8562
569.9689,112.9578,34.5069,40.8778
569.1876,112.5090,34.8688,41.2953
566.1155,113.1176,36.6538,40.6857
559.3297,112.5646,39.2730,39.0575
558.2974,112.4566,41.4481,37.5912
556.8829,112.1698,43.3697,36.3639
555.5267,111.3861,44.9712,35.3857
554.2732,110.9470,46.5751,34.5108
553.3401,110.7644,47.8301,33.9067
552.0549,111.1679,48.8830,33.4593
554.3231,111.7407,49.4207,33.8217
551.8788,111.9928,50.0822,34.0667
551.0033,110.9384,50.8348,33.9645
549.9791,110.7905,51.7815,33.6687
548.8121,110.6193,52.4498,33.5646
547.6693,110.5904,53.0334,33.3750
545.9875,110.4249,54.0702,33.0713
543.8015,111.1411,55.0871,32.6179
542.4230,109.1122,55.7347,32.1479
546.5713,106.5503,53.7188,31.4435
555.2684,111.9823,50.8844,33.0253
558.2314,113.2995,47.9501,34.6522
563.9867,113.2912,45.7434,36.7885
567.4293,105.9361,45.5738,36.8806
566.2950,108.0784,45.6416,37.3374
567.4524,106.0053,45.5053,37.0003
567.0986,107.1043,44.5902,37.4124
566.8906,108.0096,43.9488,37.8056
567.6161,108.4529,43.2263,38.6790
566.9129,108.1021,42.7959,39.2775
568.2831,106.9286,42.2689,39.5112
567.8807,107.4514,42.1006,39.7115
568.2285,106.9595,41.9441,40.0405
568.3276,107.1650,41.7233,40.2531
568.2301,107.4515,41.5720,40.4603
568.0198,106.2618,41.3563,40.4482
568.0374,106.9123,41.3298,40.8591
567.8089,106.8961,41.3161,40.9094
568.0263,108.1161,41.4708,41.4607
567.4994,106.6746,41.1982,41.9881
568.1092,105.6503,41.2887,42.0424
567.7990,105.7873,41.0849,42.0248
568.8566,105.8607,40.9529,42.0240
569.3135,104.8219,40.6369,41.5617
568.0585,104.0014,39.9492,40.8303
567.2595,110.5211,37.6595,42.5571
564.3262,107.2007,37.3236,42.8090
567.1833,108.7787,38.5371,42.0227
564.5305,109.1948,40.9374,40.6856
562.3400,108.9385,43.1571,39.7219
561.2546,108.9347,44.9071,38.9779
560.5841,108.5568,46.3267,38.2981
559.2285,108.4259,48.0021,37.6079
558.4775,108.1796,49.4372,37.3411
557.7598,108.9347,50.6581,36.9394
558.4246,109.1527,51.5770,36.8745
558.0656,108.9923,52.3778,37.0415
557.3470,108.7451,53.2726,37.0738
556.5890,109.5091,54.2619,37.2338
556.3176,109.8876,54.7953,37.2677
556.5721,109.9975,55.0700,37.4932
556.1186,109.8988,55.4088,37.8469
556.5688,110.1485,55.5126,38.1220
555.5179,110.2528,55.9352,38.4250
554.6665,110.8883,56.2147,38.4268
553.3157,109.2327,56.4451,38.7022
550.7777,109.6825,57.2563,38.7186
547.8643,108.9821,58.0731,38.8770
545.9149,108.4455,59.1195,38.7485
544.4540,106.4314,58.5303,38.9006
549.2988,104.7439,55.2536,39.1897
556.9319,113.4586,52.6120,41.1236
561.3164,116.5277,50.0824,43.4852
561.6006,112.2002,47.1223,45.5600
562.0488,113.0049,44.2557,47.9546
559.4653,108.8249,41.4982,48.9632
562.5203,109.5578,38.8063,50.5491
564.4227,107.1534,36.3104,51.8171
566.1985,108.7205,34.0498,53.6747
567.6182,105.5582,32.1403,54.6876
568.3564,107.5126,30.4235,56.1010
569.2241,104.8531,29.0052,56.3221
569.7587,106.8277,27.6449,57.7904
570.2803,104.0963,26.7791,58.0830
571.0044,103.3507,26.3307,57.8907
571.4814,103.2798,25.9527,57.3725
571.9321,105.4694,25.3859,58.0350
572.2863,103.3762,25.3119,57.9517
572.6459,102.8076,25.1193,57.5589
572.9662,103.0914,24.7807,56.8477
573.7397,105.1546,24.4294,57.1298
574.1328,105.8179,24.0640,57.5088
575.2815,104.9097,24.7639,57.1415
576.8698,103.3514,27.1569,55.5341
577.5632,103.1899,30.0167,53.7648
576.2078,107.0428,32.6581,52.4718
577.8224,105.4503,35.4794,51.0225
576.4268,106.5405,37.9769,50.0383
575.0324,108.1111,39.7928,49.6869
575.3225,108.3628,41.8298,49.7136
575.4470,108.0556,43.6714,49.7274
575.6722,108.3661,45.5569,49.5103
576.1048,109.1714,47.3419,49.2420
576.3458,109.4808,48.5376,49.2752
576.6507,108.6155,49.7529,49.7856
576.6829,109.1990,50.8175,49.7792
576.1600,108.9025,51.8143,49.7312
576.6166,110.1809,52.3650,49.7131
577.5850,110.3902,52.8157,50.2048
578.1804,110.2252,53.3943,50.3430
578.4710,109.3603,54.0461,50.8395
578.9808,109.0634,54.5738,50.9954
577.9807,108.8857,55.3485,50.9045
577.6356,109.3226,55.8125,51.0853
577.5273,109.5717,56.2322,51.1193
578.5362,108.0570,56.2218,50.6824
576.6656,108.7331,54.0864,51.9323
575.2521,112.9956,50.7695,54.3209
571.1578,107.5836,47.8282,55.8111
570.2120,107.7848,49.1468,54.9955
574.0145,109.3757,50.2283,53.4800
570.8282,105.4592,51.6908,51.9568
573.1309,107.9727,52.5943,50.8151
571.2651,107.7303,54.0979,50.0492
573.9487,109.0736,54.5097,49.8358
571.4778,109.0463,55.6327,49.7580
569.6401,109.3707,56.8490,49.2854
568.7213,108.4178,58.0273,48.6966
568.3511,108.0922,58.7398,48.1672
567.4176,107.8026,59.4516,47.7446
566.5639,107.6410,60.2206,47.2301
566.2780,107.7477,60.5214,46.7287
566.3768,107.7629,60.5934,46.6154
566.0357,107.9636,60.7834,46.3255
565.3485,107.7965,61.3168,45.8847
564.5630,107.8582,61.7597,45.4049
564.2584,107.5205,62.2645,44.7743
564.0507,108.2632,62.2950,44.2528
564.1287,108.4148,62.4066,43.6869
565.1171,107.7469,62.2616,43.3356
565.0543,108.5572,62.3055,43.4807
567.7999,108.6413,60.1255,45.1633
572.2953,111.6613,56.7262,47.3668
575.9191,108.2683,52.9884,48.8273
583.8302,108.8339,51.5592,49.8562
586.4787,106.8988,51.5247,50.2127
586.8520,104.7375,51.5182,50.0943
587.6679,105.9651,51.2030,49.8948
587.7227,105.6809,51.2257,49.9123
588.1927,105.0856,50.8841,50.1867
587.9288,105.2168,50.5624,49.6636
589.0563,105.4385,50.6805,49.6714
589.3082,105.3062,50.6622,49.7011
590.0792,104.4056,50.8583,49.8599
589.7095,104.7915,50.9128,49.8031
589.7883,104.8695,51.3769,49.9362
591.3489,104.6934,51.3854,50.3001
590.9951,105.1479,51.2235,50.4207
592.8320,104.4935,51.7141,50.4955
592.3010,103.9212,52.0828,50.2534
594.3317,104.4048,52.0801,50.7654
594.6860,103.9258,52.7680,50.4867
596.1679,103.3553,53.5331,50.3980
596.7015,103.4926,54.7244,50.0116
596.3318,104.3119,55.6564,50.1658
597.2222,104.8706,56.3544,50.2772
598.1290,103.6252,57.2795,49.9827
599.5498,103.8360,57.9380,49.7778
600.2856,103.7980,58.6508,49.6012
600.6003,103.2160,58.9608,49.4006
601.0808,103.9368,59.1416,49.5135
601.7722,103.6290,59.4104,49.2509
601.9435,103.0856,59.5557,48.9410
602.3396,103.6267,59.5145,48.7528
602.5081,103.5412,59.6484,48.6348
603.4266,103.3755,59.6318,48.6493
603.4597,102.9974,59.6415,48.5005
603.4694,103.8756,59.5390,48.3533
603.6448,102.9965,59.2954,48.6976
604.7136,103.3977,58.9385,48.5911
604.0452,99.6638,57.6464,47.7543
603.2706,104.7572,54.0633,50.0063
599.5297,105.1601,50.7212,52.5442
599.9224,104.3104,50.3992,52.7119
599.3937,104.0124,51.5368,52.0547
604.2104,105.8558,51.1385,51.6896
602.5191,106.4627,52.4041,50.7085
601.0695,106.1603,53.4436,50.3357
600.1207,105.6275,54.4943,50.0012
599.4304,105.5727,55.2785,49.7018
598.9005,105.4201,55.8543,49.8443
599.0380,104.8374,56.7049,49.4573
598.7364,104.7819,57.3335,49.5574
597.9690,104.8665,57.7479,49.8305
596.7647,104.3989,58.6458,49.8618
595.8680,104.1023,59.4133,49.8609
596.4735,103.9309,59.5109,49.6371
596.3845,103.5278,59.9538,49.4529
596.4741,103.3180,59.8932,49.5491
595.2278,103.5041,60.3731,49.4975
593.4427,103.2171,60.9750,49.4440
593.0673,103.0127,61.3392,48.9899
592.6738,102.6994,61.3892,48.7734
591.8531,102.4923,62.1463,48.1421
591.1476,102.0061,62.7669,47.6754
589.2994,102.1556,63.6344,47.1134
588.9315,102.4132,64.2409,46.4075
587.5728,100.4243,63.1953,45.5296
590.9841,100.3099,61.9020,45.4128
600.2000,96.9373,58.9603,45.3842
605.8962,107.8574,56.0206,47.1637
607.5006,102.7484,53.3438,49.7763
609.7887,99.6294,53.5029,49.7443
608.7499,96.8143,54.1827,49.0554
609.9837,98.4267,55.1936,48.5262
609.3889,98.4502,55.6838,48.2465
608.6002,97.9438,55.5234,48.2513
608.1356,97.6259,55.4968,48.6025
608.2858,97.8357,55.5844,48.3610
608.1232,97.8808,55.5503,48.1860
608.8999,98.1489,55.4430,47.8917
607.4412,97.6087,55.3497,47.7198
606.4092,98.1938,54.7891,48.0475
605.4002,96.7845,51.3560,49.1480
602.1306,102.0309,48.2326,51.3810
601.5909,102.4241,49.6236,50.3848
601.6563,98.9999,50.6392,49.4500
601.4770,100.5050,51.8268,48.4407
600.2701,98.5914,52.5680,47.7767
598.8987,100.2303,53.7159,47.1355
602.9695,101.4390,53.8581,47.2772
601.4147,101.9702,54.2696,47.4102
601.1326,102.0462,54.8711,47.2151
599.2430,98.6731,55.1185,47.0675
598.3351,99.7506,55.4319,47.1238
597.2272,99.4164,56.2549,47.2802
596.1050,99.0974,57.1328,47.1383
595.9333,99.1474,57.9531,46.8758
595.8647,99.2341,58.8797,46.5428
595.9160,98.9782,59.5970,46.3337
595.4006,98.6812,60.7206,46.2214
595.9249,99.2794,61.1424,46.5919
596.1412,99.1308,61.6322,47.1171
592.1788,97.9662,62.2132,46.6298
596.5762,96.3908,60.6948,46.8502
604.7448,102.9359,57.2481,49.5910
610.5598,101.5446,53.7831,52.2073
615.6331,97.7490,54.3392,52.6583
615.0148,97.7170,54.6853,52.4672
616.0086,99.0200,55.3390,52.9718
617.0096,97.5369,56.1938,53.4988
616.3054,99.0906,57.0891,53.5194
618.0954,98.0552,58.2257,53.9685
619.1157,97.1188,59.1870,54.0707
619.3058,97.4274,59.3466,53.9508
619.8632,97.6957,59.3984,54.0456
620.3671,98.1671,59.5396,54.0193
620.0147,97.3911,59.9259,53.4862
620.9008,97.3908,59.9707,53.1456
622.0920,97.9109,59.9953,53.4333
622.5370,97.4214,60.3496,53.8701
623.0891,97.4345,60.6422,53.9583
623.2909,97.4858,61.1731,54.2612
624.7027,97.9619,61.1156,54.5507
624.8600,97.0440,61.5947,55.1926
625.3113,97.2800,60.2952,55.0573
623.9344,101.1209,56.5581,57.9938
619.6295,98.3213,53.2138,59.6986
618.5598,99.9077,54.0675,58.5587
622.7878,101.2721,55.3001,57.3303
620.0911,101.5379,57.9219,56.0805
623.7253,102.6967,58.7967,54.9699
620.8592,103.2574,60.4748,54.3931
619.1011,103.2112,62.1878,53.7752
623.1310,100.3353,61.8580,53.3622
620.3786,101.5952,62.8049,53.1078
618.7571,101.2105,64.2260,52.9936
611.4831,97.6206,64.9959,52.0630
616.8454,99.1598,65.1515,51.7897
617.5745,99.0917,66.0135,51.0174
618.1577,99.3345,65.4229,51.0036
619.1014,99.7513,65.4515,50.6173
620.0583,100.0935,65.4706,50.3689
619.0208,100.1704,65.9367,50.1280
619.1324,100.2183,66.1277,49.9053
619.5283,100.1772,66.3006,49.8957
620.2277,100.1897,66.0263,50.1735
620.9758,100.4314,66.2059,49.8439
620.3456,99.9848,66.2590,49.7744
620.5279,100.1323,66.2189,49.2423
619.8548,100.2525,66.5146,49.2831
621.0098,100.6488,66.3844,48.6555
621.5597,100.7050,66.2631,48.3867
621.2098,100.5823,66.3902,48.2408
620.8727,100.3352,67.1680,48.1289
622.0934,100.7060,66.6636,47.9670
621.6337,98.6060,65.9995,48.0359
627.1624,100.9397,62.2252,50.3559
635.2947,106.6927,59.2392,52.1343
640.7753,99.1929,56.4566,52.6306
644.1781,96.2478,56.0235,52.3754
643.6454,96.6825,56.2394,52.2449
644.2457,97.1858,56.4150,52.4045
643.4071,96.8138,56.9640,52.6966
645.4156,95.4096,57.2634,52.1645
644.5779,96.3709,57.7795,52.0822
645.3516,97.1855,57.9859,51.9940
646.8416,97.6113,58.2358,52.0900
646.1293,97.1379,58.4008,52.3469
647.1964,97.4515,58.6494,52.4055
647.4382,97.2441,58.7742,52.6899
648.0117,97.3527,58.7267,52.5163
648.1801,97.4132,58.5222,52.0883
650.1263,96.1817,58.2806,51.7433
651.3799,97.0921,58.6278,52.0047
652.1962,95.2428,58.5676,51.4742
653.7184,95.7902,58.5810,51.0059
653.1746,95.5811,58.2722,50.4689
654.6242,96.4827,58.7326,50.0921
655.4741,96.1410,58.4927,50.1009
655.9623,95.6188,58.4706,49.8234
656.3372,94.9196,57.6155,49.8160
656.0462,93.4241,54.4214,50.2649
657.9205,90.5537,51.5158,49.6637
656.6033,102.2823,48.8419,51.6670
653.4628,102.6971,49.9620,51.0122
653.4354,102.3804,51.8287,50.0931
656.5357,103.7247,52.1244,49.7844
654.6044,103.5244,52.7756,50.1200
652.9973,99.2024,53.6111,49.5906
652.1520,100.1639,54.5831,49.1124
651.5844,100.4513,55.4261,48.7990
650.6101,100.1479,56.7851,48.4934
648.9472,99.9685,58.0889,48.2337
648.6744,100.1580,59.1118,47.7580
649.0036,99.9539,59.9102,47.2028
648.6852,100.0801,60.3167,47.1833
648.6499,100.1092,60.8525,46.9133
648.4103,100.0985,61.1778,46.7263
649.1530,99.9505,61.7380,46.3270
649.1288,100.0451,62.2907,45.9243
650.3472,99.9500,62.4732,45.4582
647.6449,98.8413,62.1237,44.5935
651.0567,96.4779,60.2483,44.1587
658.6591,98.5738,56.5430,45.9054
662.6499,98.4194,53.0579,47.3849
669.7329,95.4744,52.0248,47.4295
670.6007,97.0175,52.5032,47.6182
672.0519,97.8822,53.1787,48.0160
671.6791,98.4359,53.5113,48.5004
672.6519,98.6213,54.1082,48.8399
671.6561,98.7642,54.7943,48.5666
673.0412,97.6710,55.1170,48.1106
673.3528,96.4816,55.4067,47.9087
673.9222,98.5569,55.3373,48.0839
673.3806,98.6105,55.6186,48.2890
673.4153,97.0661,55.7661,47.8494
674.0642,98.9432,55.6848,47.9860
675.5395,98.2515,55.6808,48.1442
676.0310,97.7344,55.8203,48.1993
677.0726,97.7932,55.9737,48.1389
677.6680,97.6627,55.9118,47.9374
677.7591,99.1762,55.9495,48.1061
677.7320,98.0600,56.0017,47.8759
679.3740,98.1614,56.2830,47.8696
678.8389,97.5741,56.1179,47.6173
679.8267,97.9171,55.7358,48.0441
679.1111,94.3682,54.3654,47.0711
675.1702,104.4209,51.4148,49.4428
673.0242,104.5237,49.0023,51.1437
677.0759,105.1917,49.2172,50.4733
678.9653,106.2521,49.6607,50.0836
676.0588,106.1362,51.1083,49.9684
680.0841,106.9276,51.2571,49.3855
677.5305,107.1815,51.9371,49.2788
681.0834,104.5255,51.7359,49.1462
677.9234,105.6959,51.9779,49.5015
675.8024,105.9299,53.3975,49.4735
673.5747,105.9250,54.5445,49.7866
676.8143,103.1783,54.3691,49.9328
673.6298,104.5901,55.3138,49.8702
671.8416,104.3552,56.6998,49.9435
669.8077,104.3914,58.0820,50.0123
668.9472,104.5414,59.3044,49.7903
668.6241,104.9105,59.7881,50.1365
669.0706,103.2995,58.8644,51.3240
672.0436,102.5912,55.4064,53.6440
676.6818,104.8242,51.8173,55.2980
683.3186,100.7097,51.3416,55.1403
682.7874,102.5395,52.6201,54.3348
681.0518,102.7667,53.8189,54.6449
680.4366,102.7849,55.1321,55.3621
679.5843,103.3338,56.3554,56.0516
679.5191,103.8618,57.1448,56.6688
681.8287,100.2864,57.9008,57.4587
682.1477,98.0352,58.4117,57.8511
681.7899,99.0251,59.0849,57.1964
682.7130,97.6881,59.1902,56.1102
682.3088,98.5329,59.1270,56.0673
681.2325,99.4601,58.8903,55.6687
682.2497,100.2209,57.9983,55.1241
680.9827,101.2485,54.5571,56.8842
681.9767,103.4995,51.0558,58.4706
677.2103,105.3507,49.8513,58.4504
680.4830,107.4016,50.9490,57.6060
676.4404,103.0061,53.2972,55.7068
673.8254,104.0782,55.5409,54.2643
672.4387,104.4161,57.6318,52.9545
670.5787,105.3789,59.2683,52.2796
669.5745,105.5601,60.7565,51.8556
669.2385,105.7260,62.2926,51.6213
668.0532,105.7807,63.4411,51.6877
662.5062,101.6393,64.2944,51.2985
668.1002,103.4727,64.0474,51.0347
667.0779,104.3712,64.1912,51.3965
666.1801,102.2586,63.8099,50.9566
664.9810,103.8807,64.4351,50.5844
663.3571,102.7691,64.9657,50.0643
663.4222,101.4950,64.7019,49.3191
663.7667,100.8477,64.0437,48.4854
664.5860,102.2966,63.9632,48.3141
669.1019,97.2039,60.9964,47.6175
676.8030,106.6616,57.8729,49.7472
680.4887,104.6275,54.5848,52.5837
682.7798,100.9347,54.4209,52.8505
681.9613,102.2256,54.8561,53.1349
681.9678,102.0756,55.5064,53.3133
681.9669,100.0080,55.8309,52.4617
680.0806,101.3637,56.5100,52.5004
680.9734,100.0960,56.4341,52.0224
679.7908,101.7150,56.4098,52.0491
681.2800,100.7988,56.4748,51.6076
681.2458,99.9611,55.9670,51.0193
682.2896,102.0717,56.3264,51.1559
682.5332,100.1995,55.8678,51.0583
683.7115,99.6187,55.5562,50.5266
683.5497,101.1606,55.6332,50.6471
684.3394,100.5438,55.1493,50.4362
685.3793,100.2954,54.8944,49.9085
684.6303,101.1896,55.3188,50.3643
685.5919,99.9360,55.2921,49.8966
685.6218,100.9544,55.5666,50.0484
686.5081,100.3049,55.3478,49.4563
686.8853,99.3412,55.2796,48.8465
686.6326,100.3834,55.5295,49.1127
687.4405,100.3424,55.5645,49.1440
687.2278,102.5073,55.8166,49.1310
688.1832,102.8816,56.4058,49.3783
691.4364,100.0991,56.0619,48.8135
692.8816,102.0657,56.4707,49.1008
693.7371,102.5956,57.4174,49.8335
695.7173,102.8565,58.0633,49.2089
694.8631,106.4098,59.7258,47.9993
695.6611,107.9158,60.7650,47.6353
696.8782,109.6238,61.2622,47.3173
698.4066,110.9269,62.1610,47.1600
701.7800,110.6709,62.3897,46.9845
701.4956,113.0042,62.4322,46.7376
702.8120,114.9619,62.9507,46.5547
704.3853,115.7920,63.3423,46.7639
706.1423,116.1390,63.4330,47.0879
708.7918,116.8916,63.5908,47.4196
712.8310,118.1990,63.3250,47.8990
715.1346,119.6163,63.6669,47.9378
718.2909,121.0360,63.7405,48.0401
721.0737,121.7139,63.8368,48.0907
724.5146,124.4190,63.7674,47.7252
723.9960,128.1838,63.9119,47.8888
727.6874,127.7102,63.7603,47.3754
729.4794,130.2669,63.0934,46.7230
731.5650,132.0404,62.4149,46.2775
734.7327,134.0501,61.4139,45.8807
737.4472,136.2054,60.6374,45.8416
738.9111,137.3931,60.3814,45.3228
740.9811,138.7368,60.1652,45.2565
743.0613,141.3895,60.0446,44.9421
744.0560,143.1042,60.2775,44.6627
745.5947,144.4061,60.2459,44.6294
747.0212,144.3450,60.3098,44.6264
746.8847,144.9185,60.3407,44.6661
750.1702,146.8809,59.6582,44.3198
753.6804,147.8513,59.1970,43.9718
754.6818,149.6146,58.6069,43.4824
754.1602,150.7130,57.6767,43.1040
755.3694,153.1666,56.9053,43.3537
755.6174,154.1989,56.2018,43.4793
755.6368,154.7671,55.3391,44.0422
756.1169,155.1059,53.6835,45.3457
752.3509,156.4742,52.6822,46.6798
749.0802,157.1705,51.9669,47.2657
748.1083,157.7064,51.5725,47.6627
742.4955,161.2528,51.6715,47.6612
739.6125,162.8154,51.7999,47.7798
734.7042,162.9814,52.4901,47.4149
723.9305,164.9435,53.6094,46.6769
712.6755,171.6749,53.4378,46.0130
707.1694,176.9335,53.8142,44.4361
701.8106,186.0395,54.1506,43.7028
698.0977,193.0160,54.3337,43.0754
694.9186,197.5545,55.1629,42.9844
691.6025,199.7424,56.6819,43.1096
694.9153,199.1745,57.1124,43.5910
697.9387,197.8852,57.6071,43.7075
698.8991,194.8754,58.0741,43.5331
700.6084,192.7822,59.1042,43.0557
702.1793,190.5810,59.6954,43.0973
703.8480,187.1353,60.5345,43.4837
705.9790,184.3246,60.4797,44.4396
710.1299,184.0387,59.4379,45.7133
722.5737,183.6246,57.6880,47.1444
739.9058,177.4941,55.7732,48.5313
739.1144,173.8685,55.7338,50.2479
730.2198,170.2445,55.6730,50.6085
722.7478,166.8869,56.4187,49.9563
720.8243,162.8117,55.9811,50.2664
717.8245,160.5970,55.1709,51.6554
714.2844,158.1398,54.3838,52.6947
714.1580,157.6063,53.1143,53.7606
710.2773,166.3284,52.7226,54.3099
708.4491,166.9005,52.6204,54.2580
706.5145,166.3222,53.5851,52.9740
705.2626,164.1700,54.2691,52.6936
704.5233,159.5400,54.3978,53.5108
703.1680,159.1909,54.2429,53.3291
706.5842,159.9573,54.4830,53.6866
706.8129,159.6271,53.6984,53.5711
713.1595,162.2031,53.8682,53.2260
719.3141,167.8052,52.5840,54.3454
720.0966,164.5755,49.5030,57.9141
729.0429,148.3078,47.1088,61.1297
2
0
0
0
0
1
743.4832,200.4611,19.4049,47.0431
741.5986,195.5498,20.4239,46.3060
739.4537,192.6110,20.7039,47.5278
737.7682,190.6643,20.8091,48.0768
734.2491,190.2997,20.4615,48.2721
730.2333,189.6857,20.2810,48.2370
2
0
0
0
0
1
736.5470,168.3958,18.6554,50.6301
733.3875,166.3067,19.2946,51.4134
724.0176,165.5907,19.5972,50.7939
719.5084,164.8279,20.3095,49.9290
714.9327,163.6360,20.6335,48.9762
713.3312,162.4269,20.4909,48.4341
711.0179,161.8529,20.0585,47.8097
708.8342,160.2124,19.7037,46.9571
706.3915,159.2666,19.4597,46.2084
704.3721,159.5516,19.0520,46.0811
703.3427,158.6215,19.3765,46.5172
700.9125,157.3141,19.4399,46.7034
698.9584,157.1022,19.2916,46.7214
696.2826,156.5018,19.4159,46.9985
694.0348,156.6783,19.3141,46.7481
692.1650,157.1238,19.1799,47.2209
690.6252,161.8722,19.0442,47.1483
688.9875,163.8297,18.7715,47.4961
687.4069,170.5898,18.9225,47.3165
686.3412,179.4872,19.0365,46.1892
682.4960,193.7820,19.4109,45.3566
676.8127,210.7626,19.4276,44.0714
670.3333,233.1781,19.7982,44.2577
665.9092,259.0489,20.8993,43.2569
668.4460,270.1603,22.0533,41.1986
668.5968,270.7524,22.8314,39.9107
665.7115,271.5236,22.4990,38.6977
663.8333,272.8480,22.2284,37.5159
