1
125.8604,469.6671,24.9873,58.8053
131.3971,503.5158,26.0474,57.7805
146.7496,554.6981,26.8500,56.4947
152.7846,574.8158,27.0044,55.6093
152.2761,580.0135,27.0476,55.1886
151.4389,590.0024,27.5771,54.7198
152.8732,593.5947,27.3413,53.8554
156.2861,587.2766,27.3541,53.6010
155.9317,584.8411,27.3879,52.9241
156.4787,588.0397,27.7974,51.7128
157.4667,591.2641,27.8560,50.6731
157.3882,588.7764,27.3443,50.6007
158.2749,586.0175,27.1483,49.5072
157.6754,588.3437,27.0369,48.8254
157.4874,589.8396,27.1503,48.2440
157.5740,596.0136,26.6977,48.2826
158.9611,597.6281,26.9806,47.7957
160.9196,604.6002,27.5346,47.9243
161.1026,612.6014,27.5706,48.4198
158.3784,626.2562,27.2261,49.1966
156.7205,638.8375,27.4114,49.4986
163.0933,652.4525,26.9044,50.0342
172.8574,672.8718,26.9658,50.7033
187.8646,700.5248,27.7081,49.7443
207.7150,723.6197,28.3512,48.2203
231.7106,751.0317,29.2834,46.6731
263.4904,773.5547,30.7508,44.9316
2
0
0
0
0
1
411.6413,851.9818,43.6962,36.8861
411.8106,849.5604,43.9055,36.5207
418.6095,848.7564,43.8555,36.3839
441.6427,849.8580,44.3734,36.2145
481.2055,854.8146,45.8238,35.1822
519.6663,853.5693,47.7260,33.6848
553.5930,837.0361,47.0587,33.7924
574.7294,815.9641,45.4783,35.0058
578.4266,800.6063,43.1152,37.1189
584.6654,783.3097,41.6746,38.3568
578.0714,774.4858,40.2053,38.5662
570.6256,768.1837,39.9136,37.9832
563.6154,756.2090,39.0670,38.6669
563.5870,758.8519,38.1413,39.2956
562.8829,759.8429,38.2462,38.9911
563.2941,758.3663,37.8503,39.3329
563.1194,755.7998,37.7366,39.5036
563.6901,750.5708,37.6819,39.7777
564.1793,747.7549,37.6070,40.1253
564.5414,746.4451,36.8603,41.2504
569.7979,749.9330,36.6797,41.8050
567.6980,753.4592,36.1519,42.2164
565.8704,750.0413,35.6782,43.4366
568.3915,748.8112,35.4287,43.4853
565.0812,749.3388,35.1486,43.7793
563.9827,749.6621,35.0127,43.6119
560.6346,743.1633,34.9422,43.2614
563.0917,740.0093,34.7404,43.4188
560.8703,736.0348,34.6714,42.6208
557.0962,732.8244,35.0528,42.1618
557.1791,733.1077,34.6861,42.2656
556.4218,731.9768,34.8212,43.3422
555.8280,732.1293,35.6153,44.1171
554.8939,728.7525,36.2657,44.7363
554.1258,731.4966,37.4054,45.5690
552.2151,732.1621,38.0622,46.2605
552.2228,731.4324,38.7839,46.9430
549.6586,732.1840,39.4209,47.6932
552.8018,733.4144,40.1235,47.5582
554.1237,737.4063,39.7448,46.8743
551.9691,734.9836,39.9588,46.7349
551.6456,736.4851,40.2197,46.7613
550.1710,736.5212,40.5771,46.2893
548.3597,731.3152,40.6541,46.5712
546.0579,722.9604,40.4200,46.3627
543.6927,723.8828,40.6797,46.2450
540.6208,716.7520,39.7574,47.2605
538.9247,711.3386,39.6799,47.0353
536.0159,694.6178,39.2443,46.7708
534.8421,668.2971,39.2371,45.6536
538.5915,646.8411,38.7238,45.0742
547.8110,637.0623,38.6147,44.5301
574.4291,606.3426,38.6230,43.8851
603.7484,589.2733,39.9821,42.5104
615.0330,581.7395,40.7765,41.5332
628.8226,595.7192,41.8051,40.7832
662.4308,626.2311,42.2496,41.0851
696.5613,665.1996,42.7768,41.7634
710.0177,679.5853,42.9477,40.8885
713.4141,685.8029,42.5570,40.9683
716.3843,689.6610,42.1012,41.6091
711.4351,694.7859,41.0370,42.7443
711.5831,697.3317,40.9531,43.5296
710.8528,698.5687,40.8156,44.1083
714.5939,701.4628,39.7275,45.1146
718.4769,713.0345,39.7619,45.8501
717.4190,720.4687,38.8367,46.4477
710.9835,726.3666,37.1889,47.2764
703.8569,730.7813,35.6544,48.0200
692.2344,743.7022,34.9889,48.4781
677.2499,759.7886,34.6641,48.0206
653.2605,779.7664,34.2619,47.5757
642.8437,791.4701,35.3449,46.8067
631.6089,794.2578,36.7190,46.0488
630.4313,792.8621,37.7758,45.1000
627.3981,791.8619,38.3286,45.3229
620.9099,794.7288,38.1140,46.3228
605.7521,805.8468,39.5364,45.1717
594.4446,814.7558,39.6405,45.2920
575.4232,822.5628,40.6585,43.4446
546.7569,826.7001,41.2560,42.1784
524.7512,842.3857,42.2614,40.2117
509.6362,844.7099,41.1341,41.4427
505.6155,847.3951,39.6761,41.6928
496.1336,855.1352,39.3716,41.8601
493.4901,854.9100,39.1603,42.7190
491.2831,852.5322,39.2463,42.6267
483.5559,852.2119,40.5841,42.3734
478.2632,854.1207,41.9356,41.4232
467.7030,850.0756,43.6578,39.9262
457.3674,847.0662,44.8599,38.1719
437.2050,846.2691,46.6758,36.6955
425.7017,838.9911,46.3362,35.6657
396.9892,832.5714,46.7127,35.0958
366.7031,812.1230,46.6489,35.6362
359.9706,802.5573,44.8977,35.4674
354.9891,791.3099,43.5483,35.5346
344.6979,786.4414,43.0287,36.1609
338.3852,786.3631,43.3993,35.1181
327.8167,782.0403,43.0310,34.7070
322.2896,780.1121,43.1134,34.6981
324.8906,779.5801,41.6413,35.7106
327.4488,770.2216,40.2364,36.6425
340.8479,756.8621,38.8193,38.0642
350.2789,748.9142,38.4228,37.3747
379.5594,730.6229,38.6052,37.0967
400.0288,716.8254,38.8458,35.7730
411.8402,716.2307,39.7830,34.0653
428.1284,712.2769,40.8394,32.9454
452.5681,712.1185,41.5189,32.9471
459.6698,707.8689,41.4837,32.4906
470.7492,697.4347,40.7961,32.9927
465.6045,670.1723,39.4345,33.9610
476.1257,636.4320,38.3200,35.4835
2
0
0
0
0
1
303.0450,458.9423,48.1208,28.4332
298.2622,453.4647,45.4932,30.6363
294.1429,436.4713,43.6912,32.4292
291.6064,433.8498,43.6910,32.4291
2
0
0
0
0
1
296.0136,226.0920,29.2776,50.3548
314.5481,218.6192,31.3518,48.2062
324.8519,212.3528,33.5053,46.3893
335.9082,210.1249,34.7107,46.3025
341.1908,205.7464,34.7228,47.0984
333.8100,212.9010,34.9535,48.4556
322.1184,219.3497,34.7433,50.1515
314.2414,235.6349,35.1867,49.1923
293.4742,250.4969,34.9299,48.1508
281.1263,268.7173,35.9626,45.4177
249.7135,292.6439,36.2894,43.6148
223.8135,310.1213,36.0807,42.0521
210.5459,314.0500,36.1787,40.7929
212.4052,313.2799,35.5551,39.7846
212.1334,317.7069,35.3814,38.8142
216.9118,325.5168,34.3110,39.9608
225.0255,332.0242,33.9591,40.1568
235.1406,335.6474,33.4225,41.8022
240.0023,349.7841,33.0165,42.5217
250.5807,354.1755,32.4916,42.8831
255.2085,392.3105,32.0768,42.6264
254.9718,439.1681,31.2588,42.9954
245.5788,477.1215,30.4234,43.5799
230.8900,503.3346,31.9106,42.0020
207.5550,512.8553,31.8758,41.9024
178.8760,510.0372,33.4835,39.7209
158.5081,505.3058,34.6285,38.8643
163.8562,510.0126,34.5864,37.6223
163.5899,510.6115,34.3700,36.6396
163.4605,511.1230,33.6760,35.9698
163.7233,511.4398,33.1846,35.5094
165.5839,511.2436,32.5446,34.5707
165.9153,511.3288,32.1602,33.6249
167.0933,512.7843,31.3797,32.3362
167.6946,514.0001,30.9329,31.3623
168.7080,514.0641,30.5229,30.6210
166.4133,512.7211,29.6335,29.7256
167.8156,513.6865,29.1613,29.0509
168.4949,514.5692,28.8671,28.2154
166.7018,511.0758,28.7658,28.0915
167.5368,511.7309,28.8588,28.0000
168.0340,512.9280,28.5329,27.2467
165.1981,511.5093,28.3048,26.9722
165.8156,513.1597,28.2815,26.9441
165.3646,512.6337,28.2545,26.9998
165.7325,514.7222,27.9324,27.1437
158.8130,516.6970,27.7168,26.5154
155.7175,517.6788,26.9911,26.2252
159.4616,516.1364,26.9156,26.0919
160.6741,518.0435,26.2141,26.1034
159.7010,507.7197,26.3861,25.8937
173.5026,508.3130,26.3810,26.0869
172.3201,510.1695,26.0145,26.6264
174.2832,511.2508,25.3843,27.7005
169.4458,509.2639,25.1993,28.4325
167.6651,508.5919,25.1297,28.7291
166.6659,511.1658,24.9329,29.7148
167.9524,509.1188,25.4184,30.7391
166.1781,511.0328,25.3905,31.9017
165.3658,510.7674,25.4635,32.6133
165.9408,508.5821,25.4100,33.5855
167.9118,512.8655,24.8862,34.9479
169.3055,514.4814,24.3752,36.0261
174.0604,517.2025,24.2665,36.1932
174.5164,518.3137,24.6635,36.7048
177.5134,518.8033,25.3511,36.9059
186.7530,527.1151,25.5828,37.0177
189.7116,535.6816,25.7497,37.0914
193.7588,555.4399,25.4271,37.5091
196.4581,557.2151,25.2838,37.6011
195.6656,557.6151,25.1889,37.6772
198.6035,563.2209,25.0957,37.8117
191.5352,582.5888,25.2518,38.0941
188.5427,615.0334,26.0494,37.9690
177.7140,628.9575,25.9591,38.3099
175.4240,627.4823,25.7128,38.7400
176.5524,627.8874,25.7232,39.7437
176.9055,627.3766,25.7575,40.4044
177.3447,626.8855,25.9807,40.8671
178.2132,627.5640,26.2544,41.5944
173.1311,626.9400,26.5607,40.9727
169.3626,629.2532,26.8603,41.1953
166.6168,629.6254,27.2301,41.3843
168.3983,630.0088,27.5558,41.6890
169.5883,631.0682,27.6983,41.5483
169.9719,634.5379,27.6541,41.1472
169.8573,636.2237,27.0905,41.6737
172.3899,633.9464,27.0519,41.3123
171.8489,633.5859,26.9031,40.5792
172.5186,634.1487,26.6030,40.1728
172.7210,635.1311,26.4944,40.3783
173.4352,635.3434,26.3143,40.3990
172.4542,636.0012,26.3225,39.7754
174.5640,635.2876,26.0924,39.5110
173.4250,634.8723,26.0722,38.8410
173.1449,635.8827,25.7589,38.6560
175.0064,636.9459,25.5993,38.6745
172.9056,637.7201,25.2981,38.4822
173.6364,638.6292,25.2755,38.0003
174.4094,635.3470,24.8739,37.7390
172.6827,630.7057,24.4437,38.1556
175.4812,628.3518,24.0831,38.0194
175.7611,628.1288,24.4044,37.6319
177.1500,629.3232,24.7381,37.1717
185.6248,630.7457,25.5339,36.7226
183.4851,635.3554,25.9992,36.9991
182.5718,644.4000,26.8452,35.6015
181.8201,645.9887,27.2903,34.2196
182.9231,649.0049,28.1048,32.9638
180.1932,648.9850,28.7637,31.9330
180.5068,649.3505,29.3841,30.9080
183.2180,649.3617,29.7276,30.5705
185.7529,649.0623,29.8319,29.8683
201.7990,657.2321,29.6541,30.6611
210.2092,656.7441,29.9529,30.5434
216.1886,660.3663,29.7975,30.4800
224.5772,676.9396,30.0815,30.4494
233.1798,681.9922,30.8037,30.6540
258.4466,704.7397,31.9558,29.8163
2
0
0
0
0
1
373.7110,773.5893,40.1400,37.0564
379.5138,778.4388,41.7871,35.7917
382.4752,781.6581,42.8714,34.7097
381.3461,782.5715,44.3038,33.3022
380.7495,784.0992,45.2069,32.1287
379.1154,773.4149,44.0492,32.5121
382.7965,771.0438,42.2832,33.1630
383.2193,766.5221,40.6131,34.3760
386.3355,764.7092,38.8635,35.7914
390.5403,756.6322,38.6810,36.0395
403.7235,751.2102,38.1334,35.7330
426.4149,740.4156,39.3155,34.3972
439.2968,734.3408,38.9592,33.6559
459.5414,720.9396,38.9379,32.9584
482.8016,724.4119,40.1417,31.6458
2
0
0
0
0
1
578.9846,809.2519,30.6639,47.5010
561.2709,819.7204,33.3189,46.2547
545.8636,825.2996,35.5891,44.7364
528.5320,833.9899,37.7218,43.9368
506.5663,836.8864,39.5904,42.1444
475.7571,841.0964,40.3581,41.4380
2
0
0
0
0
1
288.7206,726.7919,32.5391,40.4245
273.0801,708.5407,33.9796,38.6963
265.1189,699.0372,35.1390,37.6314
