1
535.3109,241.2235,39.9006,16.2470
540.6720,246.0349,38.2649,17.1301
538.5541,250.0622,36.7572,18.3427
536.5826,257.1353,36.1059,19.1586
541.9502,260.0099,34.6303,19.1701
544.8720,265.6976,34.4659,18.7838
547.3374,268.1781,33.6424,18.6062
550.0175,272.4863,33.0841,18.4782
553.5273,275.5758,33.1973,18.4132
557.4411,277.4986,33.0120,17.8232
557.8498,281.2105,32.1095,18.3843
559.2644,284.8839,31.5814,18.9862
559.5934,288.9847,32.2881,18.7705
559.7432,293.3312,32.9923,18.5276
565.8530,295.6876,32.1344,19.4618
565.5110,302.2707,32.8581,19.0034
561.4512,305.0785,33.0834,18.9525
565.0496,306.4904,32.6156,19.1297
564.9525,309.5502,33.0551,19.3344
561.4656,313.7693,33.3614,19.5458
560.0125,323.9749,34.4244,18.8559
563.8189,329.8979,35.9083,17.6254
564.3159,332.6944,35.4156,18.0444
567.6078,332.3936,35.6261,18.7434
565.3746,334.6211,34.3199,20.2598
562.3251,345.4945,34.3260,20.0924
558.4042,351.1375,35.3954,19.2105
556.9638,352.4364,35.3859,19.6188
557.3727,350.6916,34.3114,21.1639
560.5088,357.2032,33.0636,22.5534
560.5450,362.9688,33.1906,22.5050
563.5612,363.3573,33.6029,22.8663
563.6252,362.6262,32.5827,24.0968
561.8164,364.5953,31.3126,25.8501
561.7151,363.1705,30.5937,26.2620
560.8748,357.9007,30.9781,26.4607
564.0205,354.1249,30.2769,27.0683
568.4382,355.5768,29.7138,27.3306
568.5620,356.9879,29.9494,27.1907
569.0580,353.5695,30.7931,26.2012
565.5231,353.2576,31.3414,26.6878
561.8978,347.5827,30.0883,28.4205
561.5062,339.0065,29.3951,29.6470
562.1030,336.5630,29.9833,29.0813
562.0624,333.2355,29.8416,28.5841
551.1876,323.4641,29.9089,28.5675
549.4187,317.4276,29.2755,29.1760
548.9022,312.6844,29.3384,29.4566
547.4532,310.4989,29.8717,29.1341
548.8819,311.0271,30.4647,27.9182
551.5690,312.7993,31.6214,26.2693
550.0905,311.6825,32.6722,25.2736
543.8680,307.5188,33.0445,24.5623
538.6225,306.8653,32.5687,24.8470
534.8087,307.9747,32.7616,24.4867
535.9647,314.1290,34.5881,23.0534
532.6519,318.1135,35.8462,22.3489
533.7780,317.6013,36.0350,22.4482
532.0265,316.3016,35.9641,22.4678
533.8539,322.1146,35.3961,22.3127
532.7314,327.8131,36.6208,22.2505
531.7042,335.0188,36.6420,22.8914
538.7511,339.9787,37.1020,23.4408
545.8996,338.2650,37.3484,23.9379
539.3213,340.6877,36.2701,26.0815
541.0001,351.1944,37.4911,25.8560
536.6693,358.2374,38.8915,24.4279
541.0283,358.6859,38.2192,25.3250
555.5140,345.7238,38.3864,25.2880
545.2469,356.5925,37.4591,27.0506
539.2900,364.4447,37.2789,27.0950
540.8049,363.0045,36.8938,26.2851
539.1169,354.3993,36.4344,27.1984
542.3533,351.2999,35.1534,28.9146
544.2903,354.2212,34.7920,29.1019
544.6940,351.3434,36.2761,27.1797
538.4619,350.9295,37.6115,25.2897
541.1240,348.2646,37.8274,24.2440
544.3234,344.0839,37.4004,24.2510
541.5941,340.9644,37.6702,24.7377
547.1713,341.1779,37.6305,24.6710
555.7135,341.4573,38.4571,24.0190
553.0844,346.7170,40.6217,22.9869
553.1469,349.2510,40.7011,23.1502
553.5164,344.5733,41.4777,22.5248
563.4781,342.8069,39.9790,23.3775
563.2848,346.2410,40.4118,23.2535
566.3723,349.3054,41.3389,23.1294
562.1965,353.6461,41.4369,23.3821
565.2199,357.7808,41.7424,24.3689
566.4590,356.7036,41.3726,24.2114
572.3967,362.5680,39.5014,25.3226
577.8899,367.5084,38.4606,26.2638
579.8342,372.2924,39.4768,25.5779
578.9863,375.0261,39.8376,25.4067
584.1111,382.4344,38.8563,25.9469
588.2099,386.4841,38.7723,26.2906
592.7601,394.3187,38.3672,26.7680
595.4554,395.5974,37.6675,26.7676
596.8899,392.4713,37.3104,26.4470
599.9427,391.3951,36.2252,26.8696
600.6642,391.8918,36.5135,26.6669
600.7340,392.2896,36.6531,26.5586
605.3463,385.2675,35.7926,27.3291
602.1759,385.1218,34.8525,28.1815
604.8195,380.7969,33.8528,28.1526
610.1496,375.0577,33.3908,28.0003
606.8391,372.0912,34.0148,26.9069
611.6521,370.4873,33.9416,26.6342
611.1652,360.5920,33.8128,26.6093
613.5786,356.0637,33.1853,26.3252
617.7955,354.5450,33.3835,25.7734
614.3263,350.8336,34.3257,25.2375
617.1274,345.5417,34.5240,24.9066
617.8725,345.6077,33.9538,24.7788
613.3366,339.0009,33.0232,24.8973
613.6234,335.1115,32.1634,25.0594
615.2520,324.6355,32.5654,24.7767
615.7971,314.9926,33.4194,24.5344
614.7664,310.9632,33.0855,25.1950
610.1464,302.9478,32.5235,25.6707
607.1785,291.2886,31.7327,26.7943
608.1171,291.3134,31.2645,27.2302
608.5536,288.1594,31.6469,27.0112
610.2192,285.1233,32.3782,26.4317
605.9583,277.3132,31.8386,26.9935
607.3450,276.3918,31.2755,27.1342
608.4237,272.7047,30.9009,26.6764
605.5856,268.3498,30.2389,27.9528
606.6642,268.6224,30.3408,27.9281
604.4099,262.2161,30.0516,27.8706
600.7455,261.2757,30.0643,28.1428
598.5377,263.9877,30.1374,27.3199
596.5231,260.5562,29.9949,26.2127
594.5869,255.5167,30.0427,26.2340
593.0146,259.1322,32.0806,24.6901
596.8657,254.1175,32.8670,23.6754
592.8628,253.1109,32.8318,23.4509
592.8174,255.2927,32.0612,23.3278
592.5086,256.9536,31.3125,23.2579
599.1263,257.3852,31.5910,22.9129
592.4401,264.3102,32.5612,23.1262
597.8360,259.4327,33.5926,21.6865
597.8404,257.5500,33.6838,21.4200
598.8799,256.7700,33.9437,21.4792
601.2503,260.9278,32.9377,21.4243
603.1144,262.4438,31.6776,22.1903
604.1583,265.3959,31.9571,21.9816
603.2269,269.2298,33.0576,21.3498
597.9684,273.9705,32.6744,21.3928
595.6756,280.5249,32.6480,22.2565
592.3411,284.5850,32.4104,22.6547
592.0327,288.4653,32.3513,22.9945
592.1825,294.6824,32.9427,23.2709
590.6074,301.3902,34.2703,23.6987
594.6183,320.5007,35.0259,23.9925
595.8369,327.2875,35.3875,23.0420
600.3408,331.4553,36.2040,22.8985
604.1259,337.8086,36.7049,23.4253
606.3215,344.6873,37.1931,23.7170
607.5627,356.9008,37.3340,23.9335
613.2469,361.7029,38.1846,23.0535
612.5714,364.9953,38.4481,23.0938
616.4699,371.7532,39.3779,22.4812
624.0504,377.7770,38.9143,22.9750
625.3885,377.5156,37.9377,24.3001
630.4224,381.6562,36.7158,25.6310
631.8491,384.2787,36.9379,25.5422
632.6106,390.5652,36.9509,25.6974
632.4133,387.8067,35.5503,27.3359
637.7653,373.8890,35.3847,27.4234
634.5518,389.7059,34.1898,29.4425
636.5555,395.2149,34.1837,29.9413
633.5749,401.8611,35.2858,28.5044
625.9445,391.9441,34.7337,30.2541
624.5898,387.3337,34.4976,30.6308
626.5942,390.2395,35.4036,29.8182
621.9437,389.6884,36.6051,28.5642
619.4330,388.2834,38.2348,26.9696
614.3264,377.5312,37.2417,27.8128
617.9147,372.5845,35.9851,28.9568
617.8431,371.3204,35.3539,29.1567
613.4818,369.5452,35.7536,28.8470
611.4293,367.3988,36.4276,27.8807
607.2117,353.5498,35.9508,28.6548
606.0193,349.2301,35.0286,29.4613
603.9811,348.5749,34.5591,29.8768
604.5096,341.9637,34.5570,29.6051
600.9026,339.3895,35.5273,27.7242
606.1750,328.3040,36.1972,26.4212
601.2579,324.3324,35.9745,26.8548
597.8144,321.4352,35.4442,27.0889
596.6476,316.4117,34.0898,28.1260
599.4108,313.9207,34.2363,27.1086
594.3091,313.3262,34.4499,25.8798
599.1258,307.1874,34.8208,24.8583
595.5950,300.2658,35.4769,24.1579
597.4855,298.6351,36.0033,24.3439
597.0134,297.2662,35.4457,24.4095
599.2431,298.4666,35.2554,24.3249
596.8314,301.9979,35.2642,23.6768
592.9485,305.2588,35.5357,23.1587
595.5125,302.9133,35.2695,22.6602
596.7875,299.3028,35.2985,22.8429
595.5454,302.2708,35.3066,22.4607
596.0771,303.6835,35.0178,22.9893
593.6489,307.3848,36.1504,22.0000
591.8116,314.3737,37.4511,21.6279
595.7457,315.8895,37.5634,21.6914
591.7975,313.7104,37.9100,22.3542
588.5662,317.9489,37.4668,22.5091
591.8248,319.0357,36.7799,23.1366
596.1205,324.9112,37.0606,23.2047
594.4203,329.8253,37.7882,23.0792
595.0970,332.6097,36.4882,24.1891
590.2938,337.0472,36.3895,24.1389
593.2811,343.2743,36.7830,23.6847
596.8714,345.7570,37.2922,23.4644
598.6295,347.3257,36.1978,24.7500
598.0585,355.9207,36.6086,25.1094
596.7196,358.8553,36.8313,25.2372
595.2415,362.2391,37.0892,25.1881
607.5341,369.4090,37.2759,24.6305
602.9772,377.7216,38.0167,25.0128
609.5367,377.7624,37.9444,24.8884
612.1417,384.0634,37.7741,25.6668
613.7626,389.7850,37.4493,25.3873
618.1779,394.3586,37.6422,25.4432
615.0864,399.4570,37.4092,25.4612
616.7405,396.9160,37.3286,25.8103
621.8450,400.6325,37.3496,26.8678
626.6049,401.7604,37.3482,27.0935
623.1052,399.3199,37.9165,26.7184
621.0670,395.0668,38.2490,26.7240
625.2787,389.7701,38.7362,26.8729
625.0192,391.0813,39.2662,26.7194
624.9211,390.2816,39.5310,26.3045
623.8625,385.0283,39.0497,26.3953
619.5496,381.8116,38.4007,26.3815
619.1284,378.8115,37.6448,26.1489
618.5675,375.1793,37.3023,25.8099
617.6221,372.0443,37.5711,24.8737
618.7478,368.5817,37.2383,24.4954
621.9822,362.1866,37.6970,24.7241
614.7339,356.4048,36.6446,26.2607
616.2326,350.0020,35.6250,27.3787
613.7910,346.8434,35.2583,26.9469
614.9295,346.6705,35.3221,26.1148
618.1455,339.4542,35.1924,26.1548
612.7105,329.5338,33.8382,27.1596
613.2953,322.8263,33.0478,27.5917
618.1136,317.8285,32.3771,27.6895
615.3660,316.6207,32.3214,26.7847
616.2989,315.9808,33.1883,26.9426
618.4998,304.5175,32.9070,26.5658
619.2613,300.0464,32.1611,26.5535
621.0804,299.4906,31.5646,26.7562
620.8165,290.7548,30.3940,27.4411
623.1150,289.6603,30.3575,27.3134
619.3685,292.6942,30.6630,27.5732
619.6725,286.6331,31.2420,27.5982
620.2504,282.5674,30.9013,27.5929
618.9450,282.0954,30.4946,27.3359
618.7647,282.1658,29.3656,27.7648
619.1288,280.9493,29.4653,27.5653
616.6935,282.7021,30.0303,27.6403
611.1597,287.2674,30.5270,27.4371
609.4808,288.5680,31.4463,27.0433
608.2243,286.2124,33.0536,25.8808
605.0494,291.5240,33.2739,26.0839
609.2775,298.8535,34.0847,25.2551
606.8303,303.6666,34.2515,25.3965
606.9517,312.3920,34.3731,25.8392
606.6199,312.3680,35.6652,25.0823
599.0165,322.7764,35.3602,25.2767
602.3521,329.7211,36.7040,24.2892
601.5287,336.6125,37.5752,24.6520
602.2377,342.0637,37.4012,25.3703
599.7525,346.1600,37.3699,25.0707
605.7543,354.9928,37.2354,25.3390
603.5129,364.4341,37.2008,25.3181
596.1569,368.1434,37.7470,25.5279
589.3340,380.2686,38.7461,24.6229
598.2485,383.1191,39.3622,23.5962
602.2211,389.0020,38.0822,24.8346
602.9269,392.7568,38.2142,25.1403
607.0059,396.6643,38.8219,25.0699
611.2081,398.5204,39.1498,25.3370
608.8790,395.3960,38.4622,26.4930
613.9072,402.5829,38.6859,26.3629
617.8908,406.6033,38.0431,26.2045
621.7255,402.2418,37.9839,26.1433
628.2151,401.0863,37.3319,26.5702
632.2712,403.6536,37.6048,26.5609
624.5654,408.8714,38.5611,25.8712
639.0163,413.0050,38.9183,27.0510
643.0536,410.1827,39.9296,27.4806
644.2592,409.2210,39.2499,28.1922
651.5834,407.4608,38.7148,28.4613
648.0881,413.8667,40.7588,27.9588
655.8034,413.0954,41.6802,28.0466
653.7791,407.7404,41.9944,28.2882
659.7409,404.2490,41.0164,29.4126
663.5302,402.2810,41.3369,29.4528
661.4345,406.7449,42.2252,28.4479
663.5845,410.1630,42.8674,27.9952
660.7228,403.1898,43.1221,27.7472
657.1473,397.5437,42.1726,28.7870
654.0236,399.6612,41.9999,28.7005
655.3625,399.4690,41.9792,28.9808
648.4331,402.8893,43.5243,27.9276
638.6130,400.8056,43.4965,28.0308
629.9627,395.1270,43.6871,28.1305
625.7095,389.8295,43.1375,29.5339
609.5212,396.4716,42.8069,30.1949
604.9039,393.6302,43.1702,30.2049
592.2000,397.7912,45.4104,29.3146
573.3978,390.6181,46.2046,30.1876
561.2455,386.6440,47.8063,29.8142
532.8011,388.4270,46.9569,30.2964
521.4543,386.4347,45.9429,30.2787
505.0192,385.6987,47.7295,28.6041
491.0612,385.6901,48.0407,28.2260
463.0455,379.6632,46.9265,28.9589
436.7723,382.4563,47.0610,28.3606
417.1776,381.8605,46.5093,28.3429
392.3876,373.2752,45.8476,28.4483
374.6976,373.4574,46.8029,27.8364
350.0956,370.7139,45.9102,28.1551
2
0
0
0
0
1
123.1839,338.1986,51.0995,18.0394
87.4507,336.4936,50.4294,18.4392
63.7824,336.2925,49.7254,18.8842
