1
189.8959,349.9557,51.8139,104.4350
196.3266,350.8155,51.5257,104.4257
200.3190,345.8744,51.4963,104.2874
211.6228,358.5777,51.5657,103.9778
226.4096,358.7667,51.0532,102.8435
235.9380,357.2275,51.6694,101.9778
248.9612,360.8826,51.6283,102.3200
256.2672,371.2438,51.4079,101.9156
266.3893,377.5929,51.0220,101.3466
284.0444,372.0300,51.0091,100.7558
295.1303,376.4866,51.1238,100.3960
313.8890,365.2325,51.3476,101.0931
330.1423,370.8463,51.5934,101.4527
344.3263,366.5573,52.2692,101.4579
374.7977,394.1720,51.8227,100.4530
384.8157,391.4839,52.1979,98.4753
402.5082,399.1647,52.7456,97.6131
410.6043,421.6891,53.6260,98.8183
421.4174,418.8812,55.1759,100.5942
439.2193,433.1523,55.0236,101.4864
451.1621,430.7354,54.9181,101.9763
449.5212,423.1737,54.6617,100.8982
452.8416,396.4605,55.3927,98.9828
530.7595,457.3975,54.9416,97.8392
532.7643,465.1028,55.9512,97.3930
527.1010,466.0250,56.9750,95.9271
529.4091,416.4011,57.8983,97.5094
531.3756,433.3698,58.4103,98.3830
533.3551,424.6024,58.7388,99.3623
518.5348,426.5134,59.9561,98.1643
527.8913,410.8677,61.0938,97.4555
488.2845,418.3159,60.7787,96.3722
504.1932,374.8624,60.9388,93.6946
2
0
0
0
0
1
623.1784,283.3501,108.2534,122.6977
621.2504,286.5923,110.5245,124.4656
673.8986,336.6553,111.0148,126.0717
687.0085,344.0645,110.2010,126.1424
661.3281,360.8732,108.3697,124.1625
2
0
0
0
0
1
588.6227,151.0824,194.0297,194.0272
520.3425,179.1186,198.1385,187.8929
543.9897,159.1049,200.9154,181.5654
579.2487,202.0891,204.4493,175.9232
561.0063,162.0828,200.7668,172.1773
534.9167,127.0166,196.0670,169.6301
568.9739,137.7548,189.7725,171.5271
567.2634,257.9048,182.4093,174.7026
549.5934,232.8860,179.6695,178.2420
586.9575,191.4040,180.5883,175.1611
630.7152,186.7103,180.9130,169.1342
649.7659,202.9139,182.9573,162.9196
502.5850,191.3476,184.9345,158.9819
564.9202,189.2225,185.3284,158.5075
593.8493,220.7055,180.4967,162.0829
647.6523,253.8182,174.2060,165.6733
645.5037,227.0141,169.8705,170.3043
665.2534,250.8598,170.2237,170.1521
650.2688,297.2597,168.8153,168.3517
638.3195,345.7877,167.8767,165.9189
2
0
0
0
0
1
703.5522,471.6736,130.3725,150.2383
704.5535,458.9719,127.6502,153.4395
705.0456,449.6617,124.1287,157.9719
719.2719,447.0362,121.3500,165.0422
757.9518,444.6862,120.2128,167.6615
744.4324,440.4156,117.0137,172.2734
736.8314,433.4752,114.5241,175.8976
730.8828,419.8993,110.7373,180.2705
716.7823,418.7262,109.2160,187.4143
718.6437,417.9535,107.2772,193.6185
729.2371,418.0065,105.4895,198.2774
727.9925,406.1490,103.0820,203.7614
714.8259,402.4744,102.0020,208.0219
716.8300,398.0563,100.9180,213.2862
718.4896,396.9033,101.4620,217.6198
706.7213,386.3486,100.3650,220.3168
711.5887,391.4670,101.8046,222.8968
716.2325,384.8561,100.7535,226.9943
720.4793,379.0280,99.9366,231.7992
721.5100,379.1555,99.8171,236.9687
721.3294,378.0978,99.0858,240.5863
708.8047,371.2033,97.8046,240.0175
714.8896,373.3904,98.1994,243.7183
720.5037,368.4916,98.9210,246.8317
729.0960,377.5347,99.8310,248.7099
736.3340,380.1841,100.5027,248.9781
728.2056,379.1936,102.1687,248.1081
737.3958,376.7285,101.3541,247.2464
731.3971,386.2422,101.2069,246.0195
737.2551,380.0628,101.6284,245.6838
732.2215,385.2565,101.4943,245.2207
740.0411,382.6035,101.2218,243.6706
732.1960,382.7075,101.2808,242.9791
726.5002,377.6829,102.8584,242.8889
725.2549,372.8186,104.0815,241.4872
725.6794,366.7545,103.5698,241.4931
727.0934,366.2144,103.8807,242.0488
726.4988,365.8833,103.5573,242.9457
710.0213,358.9911,103.0755,242.3924
713.5751,360.0861,102.6463,240.0925
719.7984,368.1378,102.2783,240.4221
