1
527.3942,56.8438,19.7207,19.7129
526.4903,65.3163,19.7433,19.6712
524.1712,81.6307,19.7150,19.2285
523.0120,90.7022,19.3494,19.6466
520.8030,105.3820,18.7279,20.2067
519.3593,114.7465,18.3666,20.9669
517.5157,125.8575,17.9998,20.9094
513.3865,140.9581,17.9306,20.1043
511.4266,152.1431,17.5588,20.8561
521.4500,164.9872,17.5984,20.8381
531.0377,169.9991,17.5109,19.9384
539.7029,175.1478,17.5852,18.7045
538.3597,176.2998,17.5873,18.6968
2
0
0
0
0
1
607.7269,255.6442,12.6152,13.9612
610.4183,263.8672,12.5746,13.4842
613.7581,269.1822,12.6122,13.1601
616.9360,266.4143,12.7591,12.8472
620.9734,266.0320,12.8912,12.8292
625.0350,267.1059,12.8299,12.8018
629.4429,267.1414,12.5678,12.3981
631.3907,269.0042,12.5652,12.4689
635.8406,271.1124,12.0905,12.4963
637.1991,274.6286,12.2011,12.5707
640.3665,272.6332,12.1897,12.5882
642.6855,270.4023,12.4162,12.6810
642.7534,268.6893,12.2924,12.6834
644.9615,268.0971,12.6721,12.7895
644.9023,269.6876,12.5146,12.7861
645.9254,272.3910,12.5983,12.8183
646.6437,275.2245,12.3644,12.8222
647.1254,278.5244,12.4052,12.8288
652.4176,277.0662,12.6346,12.9762
651.8721,278.7521,12.8793,12.9839
653.5432,276.4879,12.9341,13.0757
