1
142.6396,134.6664,84.6452,189.1361
137.9296,138.6445,85.8370,185.3572
133.9407,144.7076,85.7231,183.2528
131.8879,138.1214,87.7221,181.9791
131.7496,138.0033,88.1730,182.6093
121.1635,141.1911,88.8586,183.2324
127.5122,138.2506,90.1705,183.6348
120.9075,135.9814,90.1464,183.3207
114.9319,138.3046,90.4422,184.8871
111.5496,140.5015,90.7384,185.7405
107.0397,133.4578,91.0801,186.6432
110.7381,138.4206,90.9689,186.5774
111.5869,144.2388,91.4448,186.9702
99.5620,137.8824,91.2538,186.8380
100.1784,140.9431,90.7398,185.8344
94.1881,137.8766,90.3875,186.3028
92.0346,143.1725,89.6770,185.7657
91.0278,146.2368,89.1383,186.0253
95.4582,142.1636,88.4860,184.7626
91.0963,149.0230,88.0746,184.0204
94.9928,145.9456,87.3939,182.5634
96.2856,152.2072,86.9380,182.0604
97.5331,150.0059,86.0211,180.8506
90.3719,156.7269,85.9004,180.7080
94.6278,154.4381,85.4571,181.3846
96.4241,151.0723,84.8443,180.8288
90.0802,158.6158,84.5084,181.0877
94.1879,147.9103,84.1750,180.6949
95.8760,162.2790,84.1737,181.4211
97.6076,158.3271,84.1605,182.2735
98.1585,155.6531,84.0490,181.8267
98.3631,162.2176,84.5813,182.8033
98.5742,158.0679,84.7017,182.6405
99.1603,159.9730,84.6219,182.3792
100.4948,161.7075,84.0739,181.1137
100.7182,163.5208,83.8564,180.4356
101.1144,170.3141,84.1714,181.6407
102.1356,171.2222,84.5538,182.3337
102.9439,172.3793,85.0083,181.9825
104.3596,171.6536,85.3035,181.0696
105.1376,173.6353,85.8033,181.4359
96.6950,164.8917,85.2704,181.2057
99.5290,173.5515,85.4605,182.0655
102.5278,175.1471,86.2927,183.7589
98.4555,171.7516,85.7692,184.8911
94.6280,163.5974,85.9147,185.5557
99.9960,157.1645,85.9481,185.8707
98.7465,141.3112,85.9721,183.5161
104.0172,144.2513,88.1310,180.8500
111.2782,145.2947,92.6429,177.7395
120.5967,145.9472,95.9301,175.2760
137.7046,148.2072,99.1856,170.9933
148.3283,155.8136,101.9434,168.1030
155.9292,180.3892,105.3554,164.2828
153.3808,176.9268,107.2954,158.9357
155.9040,184.4640,108.5728,154.1304
164.7302,197.2748,109.0157,152.0523
155.0144,189.4978,111.3960,147.9296
159.3285,180.6658,111.1391,146.5635
161.3328,180.4675,109.4702,143.1604
154.5973,173.3154,109.5915,140.9748
166.5919,169.8438,108.0961,137.3063
145.4109,174.0044,108.2841,136.3782
160.1707,166.3801,106.8489,136.6519
144.8883,158.3169,108.3965,137.1411
137.3604,168.5242,107.2720,136.0907
134.0082,165.7287,107.4649,136.0504
134.6036,158.7775,108.7782,138.0762
129.8925,154.4529,109.9327,139.2384
126.5746,162.5933,110.9647,141.3177
138.0778,165.2602,110.2634,141.3484
117.2746,167.4213,111.6134,141.5711
126.0119,166.8517,112.3656,142.5962
123.9645,161.1223,113.1466,142.9910
135.5283,163.9256,113.7987,142.8331
127.0884,165.9005,114.5941,143.3680
135.6971,166.4144,113.9199,144.3066
127.7344,161.2529,114.5369,145.2576
135.3387,165.3953,113.9674,144.7130
129.0439,160.0471,114.4453,145.7445
136.2535,165.9581,113.6981,144.5782
129.8478,160.5134,114.3960,145.2791
125.4030,162.1917,114.5504,146.6053
133.5259,170.7053,113.1778,145.4065
130.2230,165.8473,113.2717,145.3437
138.8076,171.2077,112.1548,143.7921
131.2267,167.7529,112.8415,143.8259
137.9639,172.1776,111.9504,143.2574
133.1459,168.9677,112.8999,143.1749
125.6786,168.1862,115.1461,144.6109
132.5151,171.9597,115.6247,145.3965
125.1438,168.1227,117.3925,146.0881
132.9777,172.3760,116.8715,146.4119
125.4961,169.9376,118.6175,147.1483
133.9891,174.0675,118.1853,146.9023
128.4700,172.1685,119.2684,148.0016
130.3897,176.1068,119.2180,148.2219
135.2540,177.0789,119.4517,147.9378
129.8358,177.3438,121.3941,148.5315
126.7496,177.5951,123.6990,149.2510
135.7569,177.8345,122.8484,149.1549
127.8181,183.3439,123.7949,149.4663
122.4175,182.5719,126.1087,150.2160
131.5723,178.6301,126.2397,150.9665
126.5719,176.6209,127.1348,152.0684
116.5251,185.1454,128.8640,150.9247
126.1958,188.4055,127.7852,149.5175
115.4783,186.7789,129.0936,148.3848
124.9233,188.4215,128.7881,147.7586
119.7021,183.6190,129.6096,148.7824
115.2510,186.6035,129.6342,147.8142
119.3578,184.3269,130.6014,147.6223
117.7514,183.8018,131.0314,148.4903
121.8420,182.9445,131.7534,147.8707
118.4193,183.7349,132.3541,148.4883
118.7013,184.5615,131.7710,147.9760
118.7776,183.4485,131.8929,148.5681
118.1536,184.8735,131.6146,147.8975
122.4582,184.6073,132.2575,147.3751
120.1690,185.3036,131.8960,146.9943
123.7431,184.7453,132.3286,147.1176
122.4927,184.0142,132.1290,146.9337
123.2566,182.8451,132.3644,146.8136
124.0406,181.9422,132.3264,147.1226
124.6272,181.8075,132.2675,147.2467
122.3065,184.3921,131.4934,146.4681
122.1880,182.8715,130.6087,145.7072
127.3746,184.1819,130.4609,144.8808
122.2395,179.8801,130.1591,144.5838
127.1400,182.6768,130.0814,144.0520
120.4770,184.7308,129.2590,143.3551
123.8834,181.3797,128.3569,142.4569
122.2479,181.3751,128.5585,142.2207
119.6814,180.3522,129.2446,141.6052
119.6670,177.6073,129.8827,141.2134
116.4161,178.9681,129.2072,140.3634
116.5208,173.9479,129.5180,140.7762
117.8207,172.1940,129.7913,141.4361
120.8550,169.1526,129.6399,141.3749
114.1453,173.5657,129.2087,140.9063
121.1820,164.6017,129.3452,141.5875
115.1093,163.3466,128.5997,139.9029
120.1677,166.6552,128.3150,138.1354
109.9801,166.6467,127.3761,137.2658
117.4954,166.9260,127.8314,136.2960
116.4715,166.6061,126.4150,135.4731
111.7124,171.6253,125.5776,134.4274
107.3737,178.7148,126.0240,134.9103
104.4102,175.2433,125.3391,135.8642
106.7451,172.3013,123.3079,135.4452
107.6204,172.4594,121.9412,136.1153
106.3755,171.6983,121.0072,136.9811
101.5273,172.0610,120.7822,136.7742
107.0331,164.7785,119.6331,137.6429
99.7373,162.4868,119.1137,137.5921
101.8181,162.7700,118.3908,137.4351
103.4403,159.7868,117.3924,136.8007
97.8835,159.7528,117.3584,136.6512
95.5781,164.6858,118.3385,137.3238
101.4073,165.9293,117.4231,136.4991
97.0585,160.2378,117.1073,135.9835
94.0336,161.3801,116.0275,134.9904
94.5102,165.6805,114.6132,134.6429
92.5499,163.9423,113.4665,135.4176
91.6337,165.0090,112.1543,135.1209
95.5493,164.1796,110.9056,133.4790
97.6530,168.9725,109.9961,133.1893
96.4459,175.0250,108.8470,132.8863
102.9840,175.6065,106.0974,134.1066
100.2650,169.1046,103.6728,135.2490
99.9675,156.2439,100.4636,139.5048
102.1172,160.1452,99.0637,141.1727
93.4104,162.3613,97.2289,144.0480
87.2282,162.5413,95.6104,145.8897
90.3665,169.2650,94.7512,147.6158
80.3585,161.5890,94.1660,149.8305
81.2910,169.6178,94.2712,149.2856
68.6295,170.7250,95.1815,149.9253
68.4032,166.5047,94.4652,150.6777
67.5157,171.8445,94.5859,151.5720
52.9020,147.4736,92.5888,152.8728
44.6073,139.3876,92.2063,154.5553
37.8214,142.9315,93.6205,151.9783
41.3657,144.0714,96.8363,149.0078
2
0
0
0
0
1
28.8411,120.9097,102.4338,80.5645
23.0008,123.0262,99.6943,82.2440
24.2501,124.3240,97.6409,82.8524
33.6899,133.8766,95.2503,83.3340
28.8894,134.9122,95.0285,82.0763
39.0945,147.1190,91.7386,84.1312
50.1728,152.4851,88.9594,86.7373
74.0528,142.8649,88.2305,87.1102
89.7389,139.7653,86.7384,85.3302
81.2049,148.9220,85.6444,84.0886
81.0417,152.2341,85.2982,84.7392
81.0783,153.2242,85.4490,84.8194
79.1682,141.1538,85.0663,84.1433
90.1123,138.1874,84.5663,83.9826
97.6159,143.9018,82.8763,84.6888
92.6872,139.4070,83.0851,84.0712
94.2735,148.2308,83.5490,84.1751
76.2073,161.8627,84.1626,84.5429
82.2043,158.4775,84.5196,84.3428
80.7280,156.1857,84.6216,83.6418
92.4636,166.1257,85.9697,84.1203
95.5587,159.7893,85.2564,84.3593
82.7692,167.9814,85.0813,83.9880
80.7212,171.4083,83.9856,82.8604
84.2792,170.0081,82.6152,81.6346
78.8161,173.7017,82.3579,80.8984
77.9743,172.6306,81.8151,80.2691
85.1028,174.8899,81.8750,79.9587
71.9132,175.2183,81.8245,79.7700
106.6394,175.4740,81.4532,79.3326
126.1925,171.5840,80.8176,78.7642
127.6038,167.2945,79.9404,78.2074
132.4115,166.7776,77.7718,78.0259
135.5697,161.3872,76.9528,77.4031
137.7068,156.6524,75.8534,76.3298
143.6803,150.0249,75.7345,75.9852
144.9844,152.6074,74.0677,77.5855
142.1729,160.0635,73.8973,78.3597
144.2261,161.1077,73.3580,78.2915
157.8354,156.9631,72.5107,78.3848
158.4870,147.9136,71.1068,78.1625
163.6754,149.1500,69.7643,76.9424
168.9370,148.2849,67.9066,79.0558
169.7884,142.9489,65.6025,80.9311
183.4055,124.7979,64.2891,80.9242
186.2560,125.3751,63.3280,80.5601
185.1078,138.9363,62.3240,80.5679
187.9817,132.3247,60.7773,80.2496
191.2481,128.6383,58.8377,79.6051
2
0
0
0
0
1
213.1159,207.0132,61.9677,99.5342
214.0146,215.5401,61.8696,99.3813
218.2710,224.2445,60.8695,101.1785
213.1766,232.8727,60.3454,101.4029
211.0559,231.0936,61.0372,101.8227
208.5669,229.0989,61.3381,101.5535
210.5959,214.0717,62.6136,102.7616
217.9038,199.0240,63.0976,103.8916
219.3620,199.6653,62.5179,103.3058
223.2542,206.4451,61.9812,103.3973
222.9534,216.8880,61.8560,102.7809
213.9092,208.2550,62.3992,102.1402
202.8716,206.2761,64.1700,101.1533
210.6603,189.3010,65.0087,101.0138
201.6136,176.2117,65.8551,101.7172
206.6625,185.1336,66.7586,101.2904
211.7058,182.3026,67.3231,101.0031
199.8457,172.1394,68.5324,102.1813
211.5524,164.4467,69.4341,103.0045
210.1658,158.9291,70.8615,103.0621
210.5822,157.9375,72.5075,102.7092
210.9246,154.2842,73.5884,102.5638
210.2488,152.2283,74.0076,102.9079
202.4088,152.1620,75.3368,104.0056
192.4088,152.4885,77.2178,105.0578
189.7295,153.9262,76.9076,105.4030
190.0484,176.3678,75.8035,103.5540
197.1885,169.0904,74.3229,103.8348
195.8538,179.4340,74.2898,103.4562
196.7070,179.3694,74.5131,103.6060
205.8586,179.8357,72.2721,103.5292
214.5228,186.4323,70.6384,102.4541
224.9197,196.5098,69.8513,101.3238
237.2149,216.6982,69.7499,100.4296
248.2812,225.8534,70.3738,100.5366
271.5408,218.2705,70.1637,101.1714
300.3317,215.5475,70.5389,100.4345
333.9347,211.4174,69.9631,99.7006
357.8835,246.6709,70.2168,99.8852
386.2821,234.5326,71.3213,101.3957
417.1813,248.2101,72.0611,102.6871
451.7903,263.6403,71.9954,103.2427
488.7455,284.3379,72.6461,102.8375
523.9224,294.2645,72.6839,102.5059
550.2613,299.6001,72.9392,102.6533
567.0087,320.9666,72.5204,103.7401
