1
230.1930,157.9684,35.6286,66.0330
230.5772,162.6191,34.8623,65.4560
229.8168,163.5359,33.5374,65.7388
230.0324,169.2536,33.2061,65.2726
230.3105,172.6479,32.9102,65.0551
229.2259,181.7503,32.3092,64.4884
222.3318,189.1331,31.9953,63.8023
230.2899,199.5442,31.9491,63.6009
248.8835,218.8461,31.7933,64.1970
266.3457,220.2774,31.0330,64.1715
262.1957,236.9998,30.3079,63.5433
245.4927,242.2836,30.6187,62.7725
230.2195,237.4787,30.8314,61.9493
203.3143,242.7994,31.6397,61.2304
2
0
0
0
0
1
61.5952,283.2819,55.7933,47.5694
57.1360,280.6701,57.5456,46.9808
41.5725,275.2912,60.0973,45.8529
47.4039,263.4940,60.3004,44.4117
44.9237,249.8155,62.1570,43.8679
109.1104,241.1000,60.9283,44.1311
164.7692,256.1590,60.5293,43.5417
193.5865,263.6203,60.0258,43.9837
220.0237,269.2565,60.8836,42.8136
226.1861,267.3629,60.4844,42.2313
235.6755,272.8516,60.6117,42.7392
242.0188,276.5875,61.2878,43.3831
245.0917,282.7913,61.0933,43.4625
252.3783,285.9623,62.1840,43.3951
263.1526,286.8162,61.8844,43.6092
272.2134,291.2648,61.9798,43.9222
287.8117,295.3421,61.8811,44.5644
308.2270,300.9016,62.5781,44.7637
326.2913,304.6269,62.7756,44.9366
336.4473,311.1234,62.5966,44.7061
337.8109,316.8880,63.1475,45.5430
333.8891,319.7227,63.9047,46.2449
348.6596,325.5499,64.1484,46.6569
375.9844,344.0154,64.1117,47.2988
370.4430,342.4074,65.0857,48.0945
368.9714,337.4996,67.1124,48.7940
379.9297,340.7361,67.8197,50.1466
396.1828,346.8459,67.6319,51.0777
411.8049,346.9038,67.9669,51.4632
428.0534,356.6979,68.5415,52.4126
435.2870,363.9730,68.2945,53.6715
441.4962,369.4969,68.7446,54.1750
420.1715,365.7199,70.5481,55.2513
397.0275,346.8717,72.6793,55.7573
380.9868,319.1385,72.4536,57.3485
370.0399,306.0150,73.8957,57.7417
360.3438,292.5027,75.2308,57.9769
340.2171,286.1285,76.4287,57.6408
321.2166,277.5453,75.4412,57.7714
306.2190,275.0272,75.8370,57.7766
289.2100,270.3047,76.4987,57.2682
278.5352,261.3971,75.2388,56.9545
266.2006,252.7005,76.2989,56.9424
242.4104,236.1892,77.8487,57.4408
227.4927,223.6864,77.4628,57.4398
218.6504,218.1416,77.7291,57.2923
197.7048,211.3560,78.3189,57.1743
169.6175,196.2129,78.9232,57.4669
150.1800,181.9231,78.9961,57.8893
128.8407,174.3489,79.4607,58.4819
121.9125,168.8287,78.7796,59.1764
113.5303,153.2015,78.6646,59.8989
103.6802,147.9140,78.9237,60.8305
90.9658,157.2039,77.4314,62.0243
101.7263,171.0142,75.2364,64.5531
120.7633,200.4568,73.6628,66.3359
121.3614,199.4794,72.1118,66.7868
120.2569,183.5568,71.8489,66.6769
116.3857,185.4832,71.8148,66.0414
119.2656,196.6502,71.1863,66.2922
120.5413,217.5386,70.1045,66.0479
130.8444,228.5914,69.7723,66.5525
167.9994,239.2270,69.1425,67.7674
194.0298,237.8089,66.3317,70.0796
2
0
0
0
0
1
150.5558,68.0930,42.7815,68.6211
149.4512,70.2663,45.3151,67.5882
150.7842,74.5968,47.7839,66.4521
156.7817,77.3712,50.0113,65.4998
157.6881,81.5311,51.3552,64.9887
159.5604,82.0154,52.0492,65.1127
168.0716,81.8543,52.4019,64.6954
184.0311,86.4130,53.4303,63.6542
188.3253,80.7773,53.8203,63.7128
184.8842,75.6997,53.8652,63.9404
182.2779,72.1283,52.3501,64.2682
175.8280,73.9738,50.1296,64.2632
173.0988,71.8375,49.2755,63.7665
155.5079,74.4226,49.9831,63.9194
136.6719,79.6427,50.5210,63.0588
127.2375,85.1300,50.0830,62.8463
121.4157,94.8591,50.0198,62.6188
113.4832,105.6471,50.5771,63.2886
104.2609,117.3221,50.6345,63.2625
97.2452,119.2088,51.8241,63.3093
95.4014,119.5133,52.0724,63.0610
98.2312,131.9100,52.4095,64.1167
97.2021,137.4601,53.3357,64.3906
99.5510,141.6791,54.1775,65.1658
107.6951,141.3426,54.6749,65.3827
114.4792,133.2473,54.4776,65.1582
111.5499,127.6195,54.5452,64.8237
104.5269,121.1423,54.7102,65.0456
102.8721,109.5883,53.7774,64.0408
