1
277.5232,69.7360,21.5016,62.9540
276.1493,69.0626,21.9756,62.5103
275.9735,70.7504,22.3127,61.9687
274.9214,71.5881,23.0189,61.4880
273.2671,72.8053,23.5785,60.8047
272.9881,71.7789,24.0061,60.7386
273.5227,70.9624,24.4221,61.0037
274.0049,70.1684,24.8982,61.4157
275.0057,67.6493,25.4142,61.5360
275.1766,66.8142,25.4869,61.6005
275.5152,69.3599,25.5932,61.6513
275.2341,71.0116,25.5632,61.8953
274.7916,71.2679,25.5273,61.8468
275.2248,69.3689,25.3259,61.7876
274.3411,69.8779,25.2032,61.5574
274.4285,70.4450,25.4685,61.1069
272.5505,72.6529,25.4226,61.0390
271.4436,71.7951,25.4150,60.9861
271.3571,71.0472,25.4377,60.9449
271.7247,70.9242,25.4819,61.2086
275.0807,70.2104,25.7391,61.4067
275.6606,67.6343,25.8999,61.3280
275.9647,71.6211,25.6752,61.2636
273.7507,69.6718,25.5593,61.3594
273.9478,66.7222,25.5291,61.3603
273.7560,70.1549,25.7709,61.4667
273.4807,68.3132,25.6931,60.9812
274.4138,68.9492,25.8389,61.2635
273.5914,69.3269,26.0116,61.2312
273.3529,66.3169,26.0921,61.6195
272.2729,67.3527,26.0094,61.9177
274.7162,68.5304,26.2939,62.0967
273.8883,69.0937,26.2965,62.5001
276.2320,68.6649,26.3503,62.6469
274.6187,68.2240,26.5116,62.6085
273.5039,66.5041,26.4207,62.5737
272.8606,66.0578,26.5529,62.6170
273.3364,67.0295,26.8497,62.7624
273.6690,67.1948,26.6494,62.0437
274.4837,67.8439,26.8169,61.8759
272.9338,68.5750,26.8102,62.2154
271.7112,67.8388,26.7654,62.3196
270.5255,67.8280,26.9480,62.5473
273.1933,66.8348,27.0064,62.9106
272.9198,66.2090,27.1891,63.0286
274.2903,66.4697,27.2069,62.8805
276.1506,68.4562,27.1626,62.7775
273.9173,65.7391,27.0743,62.9084
273.7601,67.4689,26.9651,62.8312
274.3595,64.8889,26.7702,62.9287
274.4917,66.1886,26.6962,62.9595
273.5576,68.0092,27.0172,62.7300
270.5318,68.5504,27.0260,62.7608
269.9320,68.8440,26.9738,62.8686
270.8925,67.1066,26.9919,63.2693
272.0838,66.1637,27.1689,63.6449
271.6855,66.9769,27.5220,63.8227
272.9607,67.1662,27.7929,63.7707
271.4771,66.0197,27.8989,63.8869
271.2119,66.7009,28.0794,64.1364
270.9923,67.2527,28.3050,64.5281
271.1793,66.2273,28.5115,64.3694
273.9965,66.9293,28.4738,64.3500
270.9868,67.2915,28.5143,64.4995
269.2010,67.8135,28.8557,64.6766
268.1735,68.0631,28.9516,64.5397
269.1839,65.3356,29.2847,64.7613
269.0737,67.3796,29.5801,64.6364
268.7713,66.8546,29.7062,64.6658
268.8919,67.7609,29.7552,64.7490
271.4011,67.6230,29.4579,65.3013
270.0955,64.7706,29.3552,65.6756
269.2659,65.8748,29.1795,66.1012
268.7057,66.5116,29.1895,66.0592
269.2983,65.6754,29.1186,65.8061
268.7524,66.2805,29.3959,66.5082
267.1782,66.8139,29.6937,67.1146
267.2272,64.5155,29.9299,67.7886
265.2255,65.3642,29.8639,67.8309
267.9743,62.9880,30.0895,67.1687
265.8369,65.0786,30.0792,66.5370
266.5458,65.1054,30.1016,66.7962
268.3129,65.5238,30.1386,67.3758
265.9004,62.1314,30.1030,67.5955
265.5583,63.8204,30.1573,67.6955
264.3979,64.5807,29.8391,68.3970
265.3774,64.4359,29.6888,68.3260
263.8225,65.8289,29.8237,67.9567
262.4457,66.4338,30.1305,68.6247
265.9037,64.2048,30.2107,69.2326
262.1316,66.6385,30.5321,69.7327
264.0135,64.7291,30.5240,69.6822
265.9837,66.5302,30.6650,69.6131
268.3572,69.6329,30.5842,69.5970
267.8667,69.7801,30.1829,69.6132
270.8328,71.7976,29.8049,69.9049
268.0584,75.7026,29.3367,70.7900
270.9271,74.6239,29.1068,71.0011
269.5558,75.4594,28.9234,71.3558
266.0481,76.4865,29.2849,72.0195
266.2984,75.5445,29.4769,72.2141
265.7923,74.6131,29.4976,72.0665
265.4507,70.8014,29.2606,70.6577
264.0415,73.6204,29.6831,70.2828
264.2231,74.1165,29.6484,69.6057
264.2073,74.9484,29.3876,69.8678
265.9712,69.9740,29.5157,69.7382
262.9482,72.8706,29.3407,70.0231
265.7393,69.1593,29.1836,69.8818
262.7167,72.3429,29.2900,70.0853
262.2361,72.8683,29.4276,70.9722
262.7382,67.8969,29.6406,71.2089
261.8499,71.8566,29.7206,71.8273
261.5532,70.0134,29.8368,72.5316
264.7283,69.5192,29.5691,72.3058
263.5446,71.6406,29.4852,72.1499
265.1401,70.8388,29.9278,72.1053
265.8250,70.9486,30.1477,72.2136
265.2837,70.4889,30.2775,72.6178
268.1295,69.5215,30.2905,72.5537
269.4599,69.4639,30.2630,72.3244
270.5900,69.1824,30.3321,72.5267
265.3870,80.6321,30.6212,73.3228
267.3112,76.7915,30.8697,73.9658
268.3517,77.5318,31.1606,74.1997
268.7138,79.2092,31.1211,74.2127
270.5642,78.4656,31.1963,74.0516
272.9445,77.6084,31.3969,74.1179
274.8213,70.0416,31.5997,74.2812
277.6938,69.5493,31.5188,73.9626
276.9795,69.5745,31.6522,74.1047
270.6741,82.4920,31.7568,74.1885
273.2464,81.3819,32.1487,74.4710
273.0193,81.5942,32.4206,74.8109
272.9066,83.4021,32.6323,74.4191
272.6788,78.8470,32.8210,74.6254
272.7174,76.0880,32.9798,74.8800
278.2993,67.8569,33.1670,75.1404
279.2557,68.3551,33.1507,75.4334
283.1484,68.8063,33.2651,76.2030
282.3965,67.2007,33.5176,76.6241
282.0166,66.6788,33.2647,76.9565
281.6146,65.8597,33.2640,77.0231
282.2425,66.6855,32.7483,77.3937
281.8876,70.6305,32.8188,77.8831
283.3889,68.1620,33.0144,77.8217
282.8101,67.9315,33.4857,77.8702
283.2336,68.7022,33.6825,78.2484
279.5576,69.4034,33.9199,78.6777
281.3839,67.6092,34.2755,78.8162
283.3735,69.2365,33.8095,78.8748
284.1432,68.5044,33.9341,79.1940
281.4883,68.9069,33.7675,79.1125
286.3718,67.6672,33.5021,79.3091
284.9445,65.9187,33.4622,79.4513
285.5650,66.1857,33.2639,79.5059
285.6625,66.6210,33.6580,79.1272
286.2903,65.1752,33.7558,79.5206
286.1843,61.7744,33.7799,79.6446
285.3860,60.4359,34.0701,79.8209
284.0713,61.8555,34.4251,80.5579
285.2397,60.0367,34.6439,81.1578
286.1742,60.6534,34.7382,81.3908
287.7884,57.1320,34.7261,81.2688
285.9382,58.2651,34.8492,81.6982
287.8142,58.0713,34.6920,81.8812
291.2611,57.1775,34.5141,81.6697
289.2639,55.6985,33.9448,80.2958
288.5591,60.0135,33.9691,80.3902
288.2155,58.3998,34.4771,81.4345
285.2376,59.1980,34.8019,82.1511
286.9395,57.9554,34.9502,82.4659
290.8134,55.2470,34.9641,81.6843
288.8806,59.4544,35.0321,82.0673
288.8729,60.5053,35.1278,82.7497
289.1643,59.0494,35.3594,83.4653
288.8380,60.2858,35.1828,83.2345
289.3181,55.9946,34.9875,82.8710
287.4842,54.2025,35.0363,82.8177
288.8936,58.9944,34.6646,82.7843
287.4129,60.4339,34.8716,82.8074
289.8365,57.4664,34.5054,83.4640
290.2300,55.6736,34.3421,83.4271
291.2273,55.0991,33.9551,82.9365
291.3753,54.0142,33.6904,82.5003
288.8208,56.4090,33.5737,82.4220
291.0118,53.8008,33.4628,82.3181
289.7840,61.1397,33.8106,83.6088
289.5849,58.3778,34.1777,83.2600
290.1664,59.8865,33.6303,82.4724
289.6140,57.6011,33.6644,81.6344
290.7390,60.5253,33.4635,81.9221
292.4488,56.9476,33.4312,82.0400
293.1158,55.1710,33.3358,81.6755
290.0250,57.3903,33.1328,82.2842
291.6003,57.4084,33.3180,82.5619
290.1582,55.7922,33.4367,82.2983
289.3512,55.6326,33.5533,81.9541
291.3746,55.1917,33.1832,82.2909
290.3862,60.9090,33.3981,82.7919
290.3305,58.1437,33.8847,83.3786
288.7076,56.0121,34.1901,83.7339
288.4022,55.2410,34.5513,83.5016
287.5467,59.2009,34.5088,83.4657
291.5544,56.9545,34.3211,84.1452
289.5085,59.0259,34.4704,84.9284
290.4178,55.2156,33.8294,84.5084
288.0061,55.7455,33.5686,83.8533
294.1826,55.2375,33.4535,83.6969
290.5048,57.8432,33.5369,84.0054
292.1418,55.8687,33.5406,84.6417
291.2205,58.4766,33.7872,85.5983
290.7039,58.5320,34.1701,86.2043
289.9763,61.2470,34.3255,86.0810
289.3864,57.8087,34.6875,85.9409
291.8774,54.5665,34.3311,85.3959
289.8143,59.5904,34.4187,86.0273
289.5624,75.4321,34.1592,85.3872
292.1686,54.7759,33.2445,84.9293
290.3080,55.4118,33.1884,84.0762
291.7385,55.5118,32.6434,84.1667
293.5504,55.6985,31.8016,84.2598
292.0419,57.8459,32.1682,84.0301
294.4193,58.5842,32.0980,85.4275
292.6549,56.5802,32.9492,86.5881
292.8936,54.5995,32.8416,86.6465
293.9516,56.0100,32.2996,87.3126
294.8873,57.8082,31.8374,87.1742
296.0446,55.4650,31.7626,87.4792
295.3041,60.4119,31.9985,88.3583
295.9236,55.9856,31.6595,88.2952
296.6465,50.7167,31.1410,88.0772
296.5168,53.0975,30.6532,87.8866
296.7674,55.1335,30.6934,88.4863
298.7161,55.3666,30.5680,88.8757
299.3268,56.2901,30.7326,88.8006
299.3847,60.7529,30.7622,89.1941
298.8531,59.5676,30.8887,89.5202
298.0609,54.1952,30.9677,87.6348
298.9290,56.9107,30.9293,86.4539
299.1436,56.6373,31.1018,85.2175
294.2816,57.6554,31.4238,84.2468
295.6631,53.9409,31.0194,82.2669
297.2176,53.8101,30.3021,81.5290
298.6582,55.1263,29.9279,80.5230
299.9885,54.3136,29.6368,79.2828
300.5339,57.4396,29.6945,77.9949
300.4991,61.7664,29.7605,77.5226
295.7204,57.0279,30.1922,76.2583
296.3625,60.7679,30.6143,74.4442
297.4707,62.0330,30.5940,72.7235
297.8594,63.4956,30.5877,70.7680
298.6559,63.4666,30.2445,70.5635
298.9609,63.6956,30.0662,69.4116
298.7161,60.0856,30.0178,68.9287
298.9503,56.0277,30.0150,67.4977
299.4547,57.3854,29.4216,66.8995
299.1700,58.3424,29.2317,66.8067
294.1181,61.2198,28.9498,66.2133
297.8787,62.1964,29.3883,65.0258
297.5770,59.8684,29.1920,63.9668
296.2575,63.4829,29.1462,62.6887
296.6520,63.2234,28.7244,61.5371
296.4137,69.9750,27.9671,60.7540
297.3353,68.4442,27.8597,60.1244
297.4689,67.9410,27.4934,59.4566
294.1586,66.1031,27.6683,58.8174
295.8181,62.2667,27.6492,58.3569
297.5443,64.6347,27.4235,58.3903
297.9415,66.0166,27.1406,58.0165
297.4671,65.7877,26.8995,57.1024
300.4414,66.1805,26.8368,56.4626
298.8287,66.8866,26.8052,55.8174
299.2063,69.0028,26.6413,54.8669
299.7465,69.3426,26.1254,53.8689
299.0952,73.2500,25.9555,53.8222
296.4050,69.1806,26.0889,53.4490
297.3616,70.9809,26.1054,53.1709
298.1734,69.7979,25.8623,52.9565
298.9982,69.2809,25.4026,53.0466
299.3863,66.1441,25.0821,53.0128
298.9919,68.5864,24.6402,52.8042
298.9315,71.6189,24.6289,53.5250
298.5030,70.2132,24.8100,53.1084
300.4310,68.3678,24.8716,52.7359
298.5436,68.6615,25.0087,52.0556
298.3510,66.0489,25.0064,51.7859
321.8630,76.4551,24.8503,51.9960
322.5157,77.4660,24.7164,52.1275
300.1656,107.0885,24.7514,52.7546
300.8955,107.8410,24.7172,52.9978
297.0813,70.1950,24.8663,53.2991
298.8546,72.1245,24.8028,54.6563
299.7884,72.1736,24.6291,55.0418
299.7528,72.1412,24.6749,55.6559
299.6851,71.1861,24.7825,55.6571
299.4432,72.4527,24.8342,55.5399
299.2734,72.7240,24.7424,55.4448
296.0014,71.8466,24.9024,55.2254
298.1027,75.4417,25.3370,56.7830
301.5422,79.7519,25.7114,57.3346
298.0016,72.1932,26.0297,57.2770
298.4085,73.7277,26.4208,57.5934
297.9831,69.2636,27.0819,57.5715
298.9348,70.9309,27.5684,57.4799
296.6988,72.7627,28.3192,57.8398
294.9574,76.2623,29.0021,58.6129
293.3930,75.4853,29.8402,59.6683
287.4115,69.0894,30.4667,60.4797
288.2765,69.3721,31.1516,60.0988
284.5491,69.3938,31.4811,60.6528
287.1021,76.2248,31.8628,61.5279
289.5269,77.2193,32.5487,62.8426
291.5673,76.5988,32.9552,63.5272
291.3283,77.2665,33.3584,64.2189
287.2444,71.6546,34.1890,64.2078
287.1059,78.8238,35.2415,66.0341
284.6588,80.1191,36.0089,67.5376
282.8152,82.2337,36.8111,69.3910
285.3369,82.9943,37.4203,71.1686
268.2037,77.6407,38.1816,72.6955
284.2232,80.9041,38.6759,74.1053
274.8479,75.4562,39.4274,75.7511
283.2512,75.3201,39.2610,76.5913
279.1009,73.3428,40.0677,76.2036
282.4849,73.2840,40.6832,76.2676
265.4684,70.7896,40.5221,77.5146
270.0382,71.5103,41.3584,79.4096
263.0182,91.5500,40.7614,80.7249
278.7688,72.4049,41.3931,81.8798
275.4878,78.6250,42.3001,83.2029
273.1895,78.3616,42.7129,83.8737
263.8690,79.1257,42.8975,84.0520
268.3484,73.7496,43.6799,83.3299
266.0529,68.8523,44.3648,83.6203
265.0146,79.5115,44.1578,86.6391
267.2454,79.8689,43.9627,88.5152
263.2163,76.2752,44.6248,90.2142
255.5104,94.2253,44.5069,91.8123
259.3014,77.5613,44.9249,93.0832
255.7779,76.2461,45.7570,94.5590
256.6136,83.1982,45.9225,95.7334
257.6354,83.3493,45.2955,96.7855
264.0315,76.4419,46.2721,98.1521
267.9091,74.7309,47.1239,98.5298
266.2581,75.2846,47.3076,98.6715
262.2627,63.5651,48.3267,100.0066
259.7610,78.1345,48.1474,103.5656
255.0058,81.8943,48.6056,105.7244
260.5927,75.9854,49.5193,107.9584
248.4139,96.3536,50.1154,109.8840
251.7338,105.6789,49.7380,110.3200
253.5705,82.4217,49.9419,112.4785
254.1111,81.6588,49.7778,114.3403
260.8924,72.3965,50.2890,116.6421
263.7749,78.9595,50.2780,119.3378
255.1486,98.4009,50.2436,119.2405
262.6434,73.2840,51.4035,121.7671
263.1318,72.2865,51.9770,123.2522
260.3819,61.1748,52.8065,125.3865
257.4451,80.5050,53.4423,126.0750
260.0508,87.5643,53.8636,126.7447
261.6124,74.7507,54.0921,127.2450
259.4465,81.9487,54.8930,128.8890
254.3954,84.8392,54.6196,129.4709
256.4704,76.1371,54.9309,130.7678
252.8647,83.0922,54.3941,131.6817
259.2499,77.9263,55.2746,133.0898
267.4399,75.0952,55.9549,134.8971
270.1027,74.2860,56.1972,135.8934
263.7770,88.7350,56.5811,135.4497
266.9121,70.8713,56.9603,136.1624
270.2397,75.3181,56.3019,137.1376
267.2286,66.7111,56.1454,139.0659
272.0389,62.4356,56.2150,139.6551
269.9970,80.9842,56.0060,139.5708
264.9233,82.1012,56.0409,140.4393
266.5468,74.4770,56.0739,140.4465
266.3194,72.9315,56.3752,140.9814
272.5209,74.7499,56.7830,142.4085
270.6299,62.7497,57.2262,143.1261
277.2928,68.6625,57.5720,145.0522
273.4275,66.5602,58.2503,146.7882
283.5402,66.1325,58.2910,146.4989
278.9239,64.9386,58.6108,146.6093
279.6859,68.7049,58.6743,146.2452
276.1804,68.3365,58.8077,146.7395
280.1126,69.6714,59.5788,148.0993
275.5759,65.8474,60.3450,149.9155
278.1584,69.9955,60.0649,149.9451
283.3944,58.1434,59.5412,148.4619
275.1725,67.9682,59.3677,148.1673
280.2303,60.9483,59.4481,148.1830
285.8942,65.8311,59.4394,149.7685
289.9853,64.0393,59.9713,152.0489
284.1498,61.5084,60.7622,154.5205
289.1494,53.2080,61.4953,155.6422
291.1823,57.5821,62.0314,157.1157
287.4746,55.1081,61.4511,156.3349
290.1356,62.6839,61.5951,156.5088
292.8883,58.0956,61.2427,157.3685
288.4926,67.7063,62.4858,159.6669
281.3503,55.4289,63.4985,159.6758
286.0983,56.9317,64.4220,157.8289
290.0232,52.1816,64.2695,158.0675
285.7263,56.5017,64.9303,159.8191
292.2093,55.1239,64.6220,160.1667
288.0454,59.2636,65.0742,162.0731
281.5795,56.9037,65.4783,162.4306
286.7086,58.6151,65.8964,163.0554
281.6837,52.1340,66.5121,163.8862
287.2584,52.2757,65.8177,164.4936
281.9544,56.3550,66.0686,164.2298
288.3973,51.9624,65.9291,164.8443
278.3866,57.7505,66.6448,166.1856
273.6681,48.5460,66.9708,165.8020
274.8532,58.7530,67.0369,166.0192
283.9837,43.0458,67.3138,165.0816
277.6504,55.2644,68.0720,168.0610
285.2715,53.2150,68.3931,168.8983
280.3130,57.8382,69.4080,171.7584
274.6688,52.8914,70.3182,171.8231
280.2029,50.3987,71.1168,173.3602
285.9911,47.9691,71.5014,173.1928
280.6075,46.7339,72.2349,173.2802
275.5022,49.5965,72.9029,173.5818
283.3339,46.5629,73.1951,174.3140
272.9944,53.1849,73.8865,175.6257
281.1368,42.0820,73.7986,175.2214
276.2601,44.6137,73.7977,175.3588
286.4716,39.1192,73.6197,175.1485
280.9386,46.5687,74.0877,177.6569
288.6378,42.4888,73.8604,177.2645
280.2901,49.3317,75.0066,177.6802
269.7709,46.4245,74.7126,177.2175
278.1073,51.8157,75.2907,177.8431
286.9132,44.3273,75.4068,178.4985
290.5032,48.2830,74.7535,177.2311
284.3096,54.4924,75.7733,177.9536
276.1547,59.9480,77.8741,178.5171
265.2656,50.0598,78.4265,177.6967
273.3375,41.1666,78.4318,177.4575
267.2360,45.1812,78.6446,178.2760
276.8810,46.2505,79.5532,177.6322
265.7572,50.3135,80.4758,177.6436
272.4504,54.5219,80.3380,178.1900
277.7249,47.3960,81.5891,178.3035
298.1412,41.6135,80.0205,179.0404
293.4437,50.7036,80.4230,179.0254
300.8609,39.0700,78.4481,179.2353
295.2186,44.0895,77.8468,178.1387
290.4454,49.8689,79.6340,175.4912
284.0862,53.5940,80.2643,175.9169
292.6924,57.8690,81.3120,176.1430
303.9952,50.7800,82.1804,175.9922
300.6327,38.7374,82.2768,176.8417
310.6852,44.9814,82.5214,177.8841
312.3181,40.8602,82.4093,178.1809
309.6023,57.7680,83.0940,179.9677
318.9713,49.5923,82.5203,182.1668
312.5131,42.6361,81.9264,182.4566
306.8280,52.2400,82.0489,181.7450
318.4023,43.1979,81.4027,181.8111
316.1758,46.8387,82.0745,184.1772
312.4980,52.9396,82.8575,185.5714
319.7222,43.2298,82.9095,185.1632
302.6578,48.7457,84.2457,183.6573
300.8077,39.8195,85.1199,181.9980
309.4154,57.6531,85.5016,181.1429
303.4472,42.6785,85.0060,179.3824
320.8678,59.8709,85.0240,180.5048
298.6802,62.2237,85.1021,181.0819
291.9944,47.1243,84.6685,182.2743
300.7321,52.4470,83.9110,182.9581
295.6286,55.0994,84.6342,182.5475
302.0041,60.0344,84.2956,183.0750
294.2247,66.1894,84.2786,185.0511
309.2581,60.2966,84.1653,184.1068
306.5303,58.7703,83.7545,182.7413
303.9235,61.7738,83.9230,180.3549
281.8760,59.1501,86.2059,178.2009
292.6785,60.3393,87.6958,176.6451
286.5273,60.9336,88.6613,176.2077
304.7704,69.5903,88.2334,174.9216
305.7816,68.3727,88.3872,175.2214
308.6547,65.6837,88.6127,174.8772
303.9605,65.8613,88.7387,175.4997
276.6743,49.7322,88.6217,175.1875
284.3924,45.0344,88.1590,175.8416
288.4653,59.8011,87.8619,176.1126
277.5039,54.1676,87.7905,175.8816
284.5069,60.5581,88.3320,175.6059
305.7344,68.6851,88.3831,174.7811
309.1027,53.1315,88.5743,174.1384
288.0952,50.6668,88.3104,174.4201
297.5678,64.2516,88.8370,173.4498
321.1404,73.8182,89.0336,173.0166
275.7802,63.4945,89.0033,172.8139
282.1288,69.5833,88.7010,172.4532
273.2251,50.5351,88.1425,172.3604
278.8906,61.7516,87.6926,172.0800
265.6308,47.1728,86.2801,172.4649
268.9450,51.5468,84.1787,173.6077
270.7472,60.3815,83.5278,173.2901
273.2644,63.7747,83.5742,173.1032
297.6333,77.2354,84.7254,171.7334
289.4715,75.2242,86.6482,169.6061
283.1551,72.8040,88.1715,167.6565
293.4689,48.8738,88.1088,166.8021
310.7149,63.6112,87.5398,167.1822
312.1843,81.3104,88.3603,166.4632
302.4075,76.6288,88.3969,166.3394
261.1541,61.6525,88.3767,166.1617
250.2485,51.4778,88.3023,166.1186
251.2563,56.6747,88.2681,166.0156
256.2287,62.4875,88.2560,165.9830
332.0957,67.3177,89.8773,163.3226
327.0710,66.8183,90.5764,162.0721
274.2861,85.1943,90.8123,161.7378
205.2705,82.6506,91.0504,161.4723
213.5061,73.4055,92.0321,160.8660
208.5354,79.3443,93.7233,159.7307
218.8635,89.8868,94.3425,158.8237
198.8273,87.8213,94.5650,156.7007
213.6466,94.0834,95.9416,154.5367
211.5818,96.3612,97.2831,152.4906
220.8395,97.0852,97.2033,151.4340
228.4873,91.8378,97.6590,150.0565
249.2984,101.3293,96.8398,149.5927
270.6609,101.7929,96.5884,148.4290
268.4088,100.7376,96.4052,145.6717
279.0718,103.1147,94.0241,143.5435
270.0985,105.2161,92.7445,141.4022
270.3549,108.2744,92.1082,139.3147
272.8110,108.3436,91.0297,137.2453
271.1412,110.7934,89.1147,134.8695
262.7835,112.6375,87.2892,132.4217
261.1343,116.5405,86.3646,130.7609
260.9720,117.0624,86.0325,129.0606
258.4670,118.6352,85.5455,127.8142
255.6223,115.1788,84.2428,127.1144
272.9868,118.6384,81.9032,124.9260
271.5453,115.5882,80.7192,123.3698
278.2245,121.4895,79.1752,121.7441
284.7428,124.5188,77.8069,120.4597
290.3411,128.4020,78.1004,118.6728
295.9548,118.9949,76.3161,120.2099
300.1895,126.0579,77.2363,118.4740
303.2838,118.9698,75.1523,119.4396
303.5948,121.2379,72.9616,120.5865
305.7272,115.3022,69.9912,120.1843
305.1683,118.3576,68.9318,119.7604
312.2166,121.7607,68.0593,121.4314
317.8023,121.4822,67.0156,120.8817
313.5789,115.3672,65.6544,121.4838
311.0434,113.7086,63.6731,121.9007
313.4992,114.2982,61.5566,121.6302
319.2237,124.5066,60.4176,119.4432
323.8996,128.0856,60.5587,116.6347
311.9400,125.3280,61.3303,115.4730
306.1969,123.2448,61.0504,113.6425
306.6769,128.1103,59.4003,111.9011
299.6648,133.4228,58.2124,110.0453
301.5909,135.6355,58.3761,108.6090
290.5387,130.8372,57.5352,107.9978
286.3908,129.0954,57.1873,107.1614
280.9378,118.5090,56.1964,105.7900
282.0511,126.7557,54.3695,104.6297
280.8300,125.9435,52.4292,103.5492
278.5787,138.1149,51.7335,101.7277
280.0481,142.2409,51.1536,100.3152
279.5277,141.6296,50.5900,98.6491
278.6508,139.8051,50.7410,96.9458
276.7029,138.7083,50.9614,95.1153
275.9786,137.6316,49.9704,93.4736
271.2811,150.4410,49.2819,92.3211
276.9656,148.8860,48.3005,91.4867
277.3616,148.7354,47.0033,91.3430
277.8489,146.1153,45.7034,91.0213
279.3306,147.0176,45.0848,89.4405
277.0850,142.5757,44.2306,88.4497
280.9702,145.8714,43.0679,87.3417
283.3664,151.7968,42.3495,85.8972
289.9034,152.1673,42.1288,85.5419
289.6554,153.8394,40.4345,84.1572
290.9789,154.5490,39.3204,82.9929
294.2176,154.9825,38.7459,81.6188
295.9763,154.0457,38.2423,79.9930
297.3045,155.9142,37.7674,78.5692
298.2431,158.8472,36.7792,76.7537
301.5931,159.6973,35.5820,74.8827
304.2120,160.0847,34.5751,72.9780
300.7750,161.6580,33.8689,71.4832
302.5992,163.9121,33.0833,70.2419
301.4669,162.4166,32.1957,68.3509
298.0891,161.7393,31.3404,66.9869
301.9683,167.5578,30.6973,66.6515
299.8479,166.9292,30.1256,65.4337
296.0586,167.4567,29.6156,64.2786
294.9565,169.1724,29.3575,63.0540
294.3135,172.8908,28.7895,62.0487
291.6953,170.5416,28.5590,61.2160
290.8675,170.5089,28.0466,60.2234
290.6544,173.3819,27.5020,59.3423
291.2249,173.3004,26.8260,58.3926
291.2111,174.1720,26.6409,57.3892
290.7782,174.9881,26.6601,56.2003
290.4836,171.3823,26.1161,55.0813
293.8925,172.2502,25.8355,54.3373
293.8617,173.4786,25.6152,53.3947
293.9085,172.9150,25.6011,52.5626
295.0806,168.1974,25.9304,51.1824
295.1944,169.4491,26.0636,49.8085
294.4933,172.9589,25.5671,48.7837
294.6712,174.2342,24.8147,47.9352
294.6164,174.7134,24.4575,47.0454
294.7240,174.5197,24.4515,45.9331
292.9115,170.6818,24.3603,45.3547
293.4388,168.2756,24.1912,45.0711
293.8723,169.2875,23.8186,44.3712
294.2469,165.4391,23.7775,44.0344
292.7596,165.1998,23.9635,43.6594
295.8700,163.6830,23.9555,43.6826
295.7365,163.2726,23.9061,43.6732
293.6168,162.1032,23.8125,43.3960
292.3503,159.0084,23.7326,43.2073
293.2903,160.7401,23.7032,43.0490
290.8874,157.7971,23.4784,43.0332
288.8872,157.2283,23.3587,43.0380
287.5171,157.5345,23.1561,43.0000
286.4369,158.1091,22.9792,42.8778
287.2521,158.7204,22.7315,42.7184
284.9785,157.7778,22.5760,42.7185
283.1577,157.8514,22.3464,42.7107
283.7773,159.4948,22.1066,42.6877
281.3382,158.5998,21.5112,42.7931
278.9747,158.9385,21.3018,42.7943
277.9728,161.0135,20.8483,42.2371
277.1740,160.5234,20.3567,41.8508
276.5682,159.9410,20.2708,41.8290
273.0329,160.4180,20.2497,41.8193
270.3044,161.7789,20.2197,41.7498
267.8272,160.2239,20.1307,41.6081
266.1581,160.5995,20.1117,41.5556
264.2100,160.0311,20.1043,41.5323
264.1555,160.6369,20.1000,41.5269
261.0024,164.8370,20.1446,41.4339
258.1028,161.0367,20.0913,41.4287
256.8073,162.5211,20.0554,41.3087
255.0656,164.3261,20.0015,40.8369
253.5631,165.9727,19.9160,40.3663
252.3387,165.2329,19.9578,40.0018
251.1350,164.8829,19.9492,39.8043
247.8638,163.8184,19.8668,39.4111
245.9895,163.0096,19.8648,39.3488
243.2895,162.0586,19.8341,39.2778
241.4401,161.1853,19.7480,39.0992
239.6884,161.4591,19.6859,38.9335
236.9521,162.8701,19.4970,38.5799
235.2093,163.3910,19.3881,38.3867
234.4695,168.7693,19.3960,38.3021
233.0767,166.3591,19.4150,38.2577
230.9709,163.5661,19.4035,38.2483
228.5939,163.2107,19.3902,38.2223
225.3270,163.4728,19.3095,38.1045
223.3740,164.4389,19.2790,38.0334
221.4641,164.0525,19.1929,37.4658
218.8016,165.4718,19.1269,37.3647
217.5239,164.4989,19.0179,37.3107
214.5983,165.1019,18.9635,37.2482
212.3224,165.2376,18.8831,37.0549
210.1231,166.9201,18.7406,36.8305
207.2472,165.7215,18.5294,36.6521
204.3837,165.4768,17.8894,36.1281
204.2191,164.1909,17.7378,35.8355
201.1221,165.5633,17.4506,35.0117
198.6732,164.8369,17.0998,34.3510
196.2942,165.9249,16.6930,33.6842
195.8193,167.1087,16.3090,32.6619
193.4110,168.3888,15.8875,32.0028
192.6020,169.4312,15.6856,31.3288
190.7100,169.6618,15.6120,31.1178
188.2669,169.2827,15.5964,30.9153
186.8537,168.8456,15.8219,30.9887
185.5209,169.0116,16.1178,31.1731
184.4111,168.1841,16.3636,30.5920
181.2419,170.4252,16.5280,30.1268
179.3211,170.7081,16.4748,30.0384
177.8414,169.1577,16.1815,30.1362
176.3575,168.5623,16.0767,29.8651
174.7747,169.6470,15.7437,29.7579
173.5453,169.0966,15.7070,29.7688
173.2636,169.2877,15.5757,29.5618
172.2210,167.7520,15.7689,29.7546
171.5441,169.5503,15.5446,29.5031
170.7299,170.0294,15.4106,29.4929
169.6840,169.2835,15.2122,29.2512
167.4382,169.7699,14.9304,29.2249
166.8008,168.7391,14.6832,29.2714
168.4829,169.6089,14.3808,29.5036
166.3840,167.8490,13.9866,29.3138
166.4287,168.4309,13.7103,28.9416
166.4427,170.1703,13.5326,28.5599
164.9511,170.2502,13.3856,28.3789
164.8851,170.4815,13.2361,28.2593
164.6933,170.1473,13.1928,28.3570
161.7464,172.9712,13.2352,28.1289
163.7826,169.6910,13.2220,28.2146
163.4625,170.7650,13.2972,28.3549
160.9238,170.1205,13.3755,28.5001
163.2404,169.9895,13.5916,28.5424
162.5513,170.1496,13.6766,28.5659
162.4769,170.2655,13.7319,28.6810
162.1027,169.7459,13.7067,28.8136
161.9586,168.9575,13.6755,28.8656
162.3275,168.9249,13.5637,29.0836
165.1146,170.3324,13.4025,28.9662
164.9737,170.8746,13.3390,29.0175
164.9892,170.7145,13.1831,29.0737
164.4993,170.9837,13.0989,29.1935
167.2320,170.7001,13.0223,29.2745
167.2402,171.5180,12.9530,29.2399
166.8336,170.4230,12.8806,29.4611
166.8664,169.7798,12.7826,29.7360
166.7126,169.8832,12.6965,29.9782
164.8888,169.8897,12.4559,30.2099
165.7159,170.0897,12.3027,30.3700
166.4987,169.4256,12.2219,30.3667
166.9680,169.4887,12.2363,30.2872
167.3563,168.6252,12.2426,30.2915
166.2259,166.6805,12.2350,30.2882
166.9009,168.7127,12.1915,30.4237
167.1051,169.4974,12.2216,30.5034
166.7657,169.5399,12.2287,30.6182
167.2618,169.2590,12.2795,30.7359
167.3975,169.3919,12.2836,30.7158
167.4319,169.6886,12.3205,30.5823
167.4442,169.5926,12.2722,30.5640
167.6833,169.6954,12.2455,30.4371
168.3738,170.0677,12.2570,30.2866
166.2274,169.5620,12.3132,30.1674
168.7757,169.6471,12.4079,30.0647
165.3136,169.0214,12.6425,29.9941
167.3998,169.7576,12.8588,29.7323
168.6528,170.9164,13.1055,29.2106
167.3722,171.1198,13.3620,28.7677
166.6806,171.4503,13.5686,28.2210
168.2851,171.3551,13.6442,27.9566
168.4565,172.6194,13.4382,27.4725
169.4044,173.6166,13.3244,27.1324
169.8369,173.2005,13.0737,26.7546
171.4377,172.2625,13.0813,26.6523
172.7641,171.2053,13.0035,26.9642
173.7320,171.3130,13.0536,27.0193
175.7619,171.7569,13.1769,26.9328
177.2272,172.8739,13.2715,26.7845
178.3004,173.5139,13.4076,26.6000
177.6326,172.8453,13.4910,26.5160
180.1116,171.4245,13.4299,26.3933
182.6337,173.1968,13.4477,26.2511
184.4362,173.0854,13.4201,26.1645
185.7111,171.5902,13.4934,26.2358
189.2219,170.6995,13.5057,26.3101
190.0900,170.3643,13.3499,26.3516
192.3560,169.3906,13.1794,26.2076
193.8941,171.5824,13.1109,26.1480
195.4027,172.3447,13.3240,26.3690
196.4479,171.7309,13.5015,26.4214
201.5974,170.1851,13.4926,26.4303
203.4537,172.2352,13.6343,26.5240
204.5115,171.4563,13.6235,26.6220
205.4024,171.7115,13.6657,26.9056
207.4709,171.5523,13.6368,27.0757
208.6543,170.4517,13.8122,27.2713
211.1915,169.8610,13.6261,27.4178
214.2177,169.5844,13.5651,27.5376
217.2555,170.9521,13.5181,27.6370
220.2695,169.2312,13.4829,27.7680
221.1615,169.4238,13.4679,27.7975
224.1732,170.9831,13.4364,27.8597
229.6129,167.3555,13.4265,27.8632
232.2054,167.6053,13.3909,27.8866
235.0918,168.6254,13.3534,27.9659
237.3305,168.5888,13.3322,27.9926
239.2715,169.9335,13.3178,28.0359
241.7742,170.0822,13.3773,28.0529
242.8419,168.2306,13.2712,28.0645
245.5961,169.0550,13.2676,28.0529
246.9698,170.2398,13.0626,28.0122
250.9026,170.0791,13.0580,28.0183
254.4527,169.4341,13.0538,28.0242
255.4326,173.9656,13.0628,28.0663
257.9879,173.2085,13.1120,28.0717
260.9827,172.4282,13.1547,28.1000
262.0950,173.6974,13.1531,28.1824
270.1495,165.5833,13.0787,28.0978
272.6536,164.4048,12.9874,27.9544
273.6848,166.5780,13.0364,27.9619
275.1691,165.5617,13.1034,27.8260
281.3182,165.4419,13.0944,27.7802
282.7369,166.3947,13.0996,27.7508
286.3987,168.1021,13.1173,27.7454
289.5859,168.4311,13.1032,27.7305
294.3328,171.6282,12.9652,28.0810
297.3066,169.6761,12.9647,28.0879
300.5750,166.8774,12.9411,28.1711
304.6197,166.2680,12.9244,28.2118
305.7479,163.6086,12.9243,28.2122
310.9987,166.0899,12.8659,28.3625
315.6058,166.4999,12.8547,28.4065
319.0316,165.1980,12.8572,28.4055
320.0812,165.3862,12.8576,28.4057
323.8384,165.3036,12.9158,28.3212
328.2632,167.5646,13.0417,27.8823
331.9423,165.3984,13.2214,27.8878
335.6797,177.4450,13.5336,27.6716
337.6953,169.3760,14.0489,27.5200
339.0036,168.9062,14.1135,27.3151
340.4590,172.0469,14.0608,27.4924
348.0774,167.5326,14.0889,27.4490
347.7914,172.3538,14.2146,27.4532
350.7468,168.4165,14.2293,27.4330
353.0287,169.5367,14.2113,27.3820
353.7979,168.4899,14.4077,27.2451
357.1095,169.3262,14.4454,27.2144
358.9281,168.5799,14.4839,27.1660
356.0029,178.6069,14.7783,26.8310
355.1464,178.5390,14.9402,26.6097
357.3598,178.4212,15.0162,26.5009
360.3260,179.5701,15.2000,26.0999
364.0091,180.2899,15.2693,25.9677
363.5677,180.8884,15.4751,25.6687
361.1369,181.5694,15.5146,25.5973
361.5429,180.2311,15.5657,25.5058
367.0663,175.2965,15.6100,25.5352
367.0624,169.7500,15.6146,25.5842
367.4662,171.1563,15.6227,25.6549
368.9365,171.6740,15.5945,25.6651
369.8704,169.5146,15.5299,25.7491
366.5583,170.3824,15.4344,25.9660
365.8224,169.5364,15.3678,26.1399
365.1652,168.3427,15.3383,26.2122
365.0786,169.9575,15.3312,26.2634
