1
667.2739,683.9716,40.8395,24.2477
665.7114,679.2717,40.6457,23.8918
672.7369,678.0135,39.8441,23.9150
685.7130,673.3384,38.8984,24.0445
694.3964,673.7241,38.3243,23.7019
2
0
0
0
0
1
691.6092,593.7138,38.7747,12.6667
690.9863,585.7640,38.3643,12.9574
691.5888,580.0427,36.9768,13.9055
693.0607,574.4705,35.7616,14.5967
684.6016,581.3554,35.0965,14.9630
681.9106,577.7757,34.2728,15.5191
2
0
0
0
0
1
732.2780,503.9674,19.4124,25.7184
734.0229,500.3913,19.9303,25.6883
736.8224,498.2383,20.6950,24.7294
742.3266,497.7426,21.8471,24.0249
747.3624,495.0737,23.0329,23.0553
752.6196,490.3067,24.2776,21.7209
758.8382,486.2451,25.7162,20.5208
761.9734,484.5367,26.7435,19.9225
769.4671,481.2967,26.9987,20.3771
775.4675,475.9995,26.0046,21.4764
784.1195,467.9456,24.7633,22.9002
792.2921,463.5461,23.5040,24.5698
800.5240,452.4255,22.3294,26.1451
805.3820,444.9955,21.1787,27.7227
812.8864,439.3164,19.7935,29.1319
817.8060,434.3172,19.0184,29.4758
822.8414,426.9622,19.0722,29.4790
826.4230,423.7598,19.8334,28.5370
824.7020,414.0167,20.9119,27.3681
824.2844,408.3479,21.0356,26.3797
825.1588,405.9834,21.0309,25.8249
828.5847,405.8775,21.5589,25.2775
831.1237,403.4834,21.6234,25.4130
834.1921,403.2368,21.9597,25.7709
836.6052,403.8021,21.8518,26.5536
842.1490,401.7240,21.8303,27.2396
847.7149,401.2327,21.4892,27.4540
851.8113,400.3110,20.6724,27.6159
858.7544,401.7604,20.2726,27.6050
862.8239,402.5323,19.2177,27.7426
867.4688,402.5841,18.4576,27.8705
869.4812,403.8774,17.5456,28.2219
871.8561,406.8825,17.2129,28.1158
873.2542,409.6157,16.9415,27.7461
872.0471,414.5568,16.4275,27.5392
871.4368,420.7171,16.8216,26.9855
867.5447,426.4614,16.0678,26.5586
864.2541,431.4554,15.9126,26.4767
859.9109,440.4321,15.5797,26.3804
858.4318,443.1348,15.3241,26.2098
854.0322,449.4414,15.3263,26.1445
849.2911,455.0199,15.3827,25.9916
847.7770,456.0620,15.6030,25.7188
840.5844,463.5187,16.1988,24.7053
834.4592,467.4856,16.4547,23.8279
828.5410,471.1734,16.6566,23.0435
821.1410,473.9300,16.9754,22.1682
814.4116,475.6555,17.2790,21.8199
808.1561,477.6548,17.2348,21.4067
800.7602,479.5371,17.1526,20.6480
793.3598,480.3188,17.0974,20.1615
786.0445,480.3984,17.3709,19.4736
777.4616,480.1369,17.8721,18.8645
770.0031,479.7326,18.3583,18.5554
764.3660,477.3022,18.2508,18.4126
754.7025,478.2177,18.5010,18.1770
750.4677,475.3031,18.4285,17.9520
742.3946,473.8355,18.2391,17.8277
734.2947,470.4580,18.4482,17.4356
726.3389,468.8089,18.5049,17.1810
719.0591,465.1706,18.5452,16.9432
714.6637,461.5420,18.3545,16.7965
707.7792,459.0280,17.9940,16.7781
702.7401,457.9741,17.4383,16.7395
695.6273,454.0722,16.7722,16.9694
692.4672,452.6733,16.3256,16.9765
692.6182,451.1300,16.3255,16.9764
681.1883,445.9479,15.9887,17.0304
675.8401,444.8447,16.4274,16.3874
667.5029,434.9611,16.2177,16.4359
666.3637,435.6312,16.8546,15.7967
664.4969,432.9449,16.6291,15.6664
656.1520,424.9066,16.5295,15.9678
654.6220,422.9043,16.5194,16.0256
650.5981,420.4071,16.4571,15.8822
646.7795,417.7355,16.2561,15.7022
646.5649,416.1268,16.2683,15.6703
644.3184,413.7787,16.2482,15.6143
641.3558,410.7639,16.2546,15.6005
638.3800,406.8922,16.3148,15.5281
634.6882,402.8507,16.1908,15.4942
634.2758,399.8875,16.2828,15.4022
633.3050,398.1032,16.3339,15.2729
632.0000,393.9063,16.1599,15.1703
633.2258,392.7410,16.1735,15.0392
632.5056,389.0559,16.1321,14.6541
632.2867,386.6934,15.9856,14.6100
632.6295,384.5720,15.9148,14.3832
632.8993,382.7126,15.8275,14.1134
