1
711.0453,235.4229,21.3114,22.3116
713.3800,234.6754,21.0555,20.6890
713.8699,236.3747,20.3901,19.6616
716.3314,235.6411,19.3775,18.2604
717.7386,235.5150,19.2876,16.9170
718.5801,235.4072,18.8989,15.7131
720.2426,237.0710,18.3834,14.7016
720.4775,236.6234,17.9849,13.6388
722.8174,238.0626,17.0843,12.8456
723.0904,237.7146,16.5369,12.0664
725.0181,237.5961,15.9869,11.2384
723.7377,237.5501,15.6111,10.5376
725.4135,238.8527,15.0358,10.0425
726.9618,238.4455,14.3905,10.0000
726.6838,238.1546,14.0102,10.0000
726.3761,237.7380,13.5975,10.0000
725.9443,237.2022,13.3340,10.0000
724.2512,236.9382,13.3132,10.0000
723.8791,236.7408,13.2209,10.0000
723.4264,236.5359,13.1984,10.0000
722.8458,237.5490,12.8517,10.0000
721.4023,237.1371,12.5563,10.0000
719.8749,236.6805,12.5079,10.0000
718.3432,236.3759,12.5639,10.0000
716.8145,237.4166,12.4240,10.0000
715.3194,237.3254,12.6319,10.0000
713.1536,238.2539,12.4157,10.0000
712.3000,237.8642,12.1425,10.0000
709.0860,237.6976,12.1270,10.0000
707.2200,237.4936,11.9979,10.0000
704.8691,237.2926,11.8782,10.0000
701.4334,237.0512,11.8035,10.0000
698.7836,236.8797,11.8310,10.0000
697.4039,233.5383,11.6210,10.0000
692.5390,234.6752,11.9333,10.0000
689.3297,234.3565,12.0679,10.0000
683.3049,234.0020,12.2100,10.0000
680.4195,233.4648,12.2204,10.0000
672.5031,232.7854,12.5397,10.0000
668.2360,232.3316,12.4040,10.0000
664.7553,232.0309,12.6473,10.0000
660.6736,225.1190,12.5393,10.0187
659.7659,225.5500,12.5393,10.0184
662.7316,229.8980,12.4397,10.0000
2
0
0
0
0
1
660.2845,231.6136,26.0988,27.9193
670.0255,233.0044,25.4960,25.9288
674.8904,237.8079,24.2240,24.7312
684.2966,236.0876,23.3350,22.8844
690.0555,237.5972,22.3218,21.2396
695.5581,239.3297,21.3230,19.5626
701.3533,240.5568,20.0880,18.2509
706.6066,241.4612,19.0173,17.1304
712.0931,243.1238,18.4794,15.9670
716.5548,244.6606,17.5263,14.8792
719.4258,244.3454,16.9721,14.0576
723.7088,244.2866,16.7017,13.1723
726.2180,245.9604,16.2072,12.4186
730.1344,245.8996,15.7796,11.7566
731.9744,245.8793,15.3941,11.2558
733.5999,245.7881,15.1947,10.8532
735.4291,246.9981,14.9518,10.5439
737.1907,248.1271,14.6577,10.3120
737.6694,247.7051,14.3580,10.0879
739.2866,247.2625,14.1581,10.0000
739.4550,246.8377,13.7376,10.0000
738.4338,247.9267,13.5244,10.0000
738.7241,247.3718,13.2884,10.0000
738.6992,246.9411,13.1607,10.0000
742.4533,242.4398,12.9782,10.0000
741.8922,240.8581,12.8594,10.0000
739.7442,240.5657,12.8112,10.0000
737.7870,240.4295,12.6889,10.0000
736.0809,240.0836,12.5560,10.0000
734.2008,239.7240,12.4788,10.0000
730.7562,239.5553,12.3702,10.0000
727.5875,239.3661,12.2282,10.0000
724.4196,240.5878,12.2401,10.0000
719.8135,240.6111,12.1524,10.0000
717.0402,240.3819,11.9864,10.0000
711.0514,240.1939,11.8919,10.0000
707.6564,241.5957,11.8729,10.0000
703.0220,241.4454,11.7569,10.0000
696.0551,241.6314,11.6133,10.0000
691.1575,241.7931,11.6493,10.0000
691.4574,242.3377,11.6495,10.0000
683.5401,231.6094,11.5755,10.0000
678.6780,230.5787,12.0332,10.0000
677.7798,230.1145,12.0332,10.0000
2
0
0
0
0
1
677.3033,242.3929,25.6513,27.2214
683.2828,243.9955,25.2999,25.7595
689.1556,245.9784,24.9403,24.3611
695.2003,247.7189,24.1333,23.1917
701.1860,246.3274,23.2458,21.6460
707.1818,247.5210,22.2486,20.3912
712.1974,248.9075,21.3518,19.1585
714.6211,248.0666,21.3056,17.9128
720.4641,249.4491,20.6166,16.6690
724.8325,250.8612,19.8979,15.5304
728.1479,250.2730,19.5201,14.5151
731.8375,250.3269,19.3890,13.4124
733.8756,250.3522,19.0222,12.4193
737.6309,250.5143,18.7322,11.7011
739.1689,251.9722,18.1718,11.3398
742.1533,251.7680,17.6618,10.8101
744.1639,253.0213,16.9456,10.6074
745.7133,253.0224,16.7033,10.1940
747.1778,252.6155,16.2735,10.0150
750.5389,253.7367,15.8522,10.0768
750.6732,253.8633,15.4942,10.0000
750.6787,253.8084,15.1623,10.0000
750.7491,254.9951,14.7903,10.0000
747.7620,254.6391,14.5509,10.0000
745.7102,254.0529,14.1979,10.0000
743.7018,253.6626,13.9696,10.0000
741.9067,253.6802,13.7693,10.0000
740.1016,253.3664,13.4118,10.0000
737.4060,253.0605,13.2743,10.0000
736.8826,249.1920,13.2825,10.0000
731.4504,249.6638,13.4522,10.0000
728.3746,248.8076,13.7182,10.0000
724.5325,247.9718,13.9528,10.0000
718.4878,248.5016,14.0783,10.0000
713.2407,247.8862,14.1649,10.0000
706.3853,247.1534,14.2279,10.0000
702.9065,244.5398,14.1889,10.0000
696.3585,245.0352,14.1261,10.0000
687.9421,245.8496,14.1190,10.0000
688.2444,246.4939,14.1224,10.0000
687.8811,245.6501,14.1229,10.0000
2
0
0
0
0
1
664.9458,244.7236,25.3208,25.8853
674.8773,246.1714,24.1422,24.8681
683.9575,245.4571,22.9579,23.1818
692.8455,246.5980,21.7248,22.0830
697.9977,248.5852,20.7935,20.6515
706.1433,249.0829,19.9744,19.2794
710.2939,250.6083,18.9242,18.5112
714.6400,252.0857,18.1426,17.5701
721.6555,251.9330,17.1290,16.5948
726.2462,252.4048,16.5947,15.5152
731.0085,252.8500,16.1955,14.4645
735.0107,254.2869,15.4906,13.9990
739.8549,255.5160,15.1197,13.6998
743.4147,255.3523,14.6986,13.1971
746.8481,256.4363,14.2127,13.3215
750.0914,256.5306,13.9277,13.0396
751.5646,256.0280,13.5544,13.5257
754.4250,256.8882,13.5647,13.4034
760.1798,257.7297,13.2735,13.1654
761.0468,258.5311,12.9505,12.9635
761.8136,258.5608,12.4795,13.5486
762.6451,259.1282,12.1014,13.8152
761.5205,258.1606,11.9044,13.5893
760.3095,258.5081,11.6938,13.3697
759.4715,258.8808,11.4829,13.2607
755.2579,258.5807,11.4532,13.0522
750.6546,258.2375,11.3629,12.6369
748.9108,258.2030,11.2483,12.4348
746.9724,257.9359,11.2191,12.3399
746.1686,257.7921,11.1368,12.0102
745.4587,257.8004,11.1379,11.9999
745.9738,257.9680,11.1384,11.9975
745.8181,257.7630,11.1380,11.9911
745.0666,257.4680,11.1382,11.9880
2
0
0
0
0
1
671.5061,244.8407,32.0416,32.3219
664.0332,245.2992,32.9129,30.3001
659.0839,247.5557,31.9127,28.9187
648.6866,246.8029,31.5796,27.5509
642.4022,246.0159,30.2449,26.5369
649.4197,245.2765,28.9778,25.2520
655.7395,247.5788,28.2476,24.2727
662.3611,246.8687,27.1420,23.3294
670.1531,246.9809,26.6259,21.6663
675.3884,247.5877,26.4164,20.1323
681.7933,249.0269,25.8410,19.0028
687.4775,250.3101,25.0069,17.7505
691.4740,251.1617,23.8812,16.8305
697.3588,252.0749,23.3126,15.8769
699.9283,252.8097,22.6499,14.9008
705.5023,255.1736,21.5591,14.1547
708.7227,255.2982,20.3049,13.7174
710.7354,253.6585,19.8285,13.5573
713.7434,256.2289,19.4752,12.8292
717.7643,256.0787,18.5894,12.3297
719.6809,256.2705,17.8653,11.6464
721.5088,256.3561,17.1309,11.0424
723.4758,256.4113,16.7187,10.4146
725.5598,256.3427,16.3126,10.1128
726.9627,256.1414,16.0447,10.0000
728.2259,255.8723,15.7250,10.0000
728.7773,255.5495,15.3980,10.0000
730.1196,255.2245,15.2099,10.0000
731.3180,252.5334,15.5464,10.0000
732.0257,251.2006,15.7663,10.0000
730.9509,252.8788,15.7891,10.0000
729.0894,254.4209,15.5328,10.0000
728.9457,253.1607,15.1788,10.0000
725.9993,253.2891,15.1531,10.0000
724.7731,252.4184,15.1585,10.0000
723.4763,251.4330,15.1966,10.0000
722.8029,250.1576,15.1546,10.0000
719.9413,250.6875,15.1395,10.0000
717.1288,250.9676,15.0648,10.0000
714.1257,251.4989,15.0144,10.0000
711.5254,250.3802,14.9344,10.0000
709.8021,250.5904,14.9332,10.0000
708.6871,251.0679,14.9341,10.0000
708.6378,251.0613,14.9339,10.0000
708.4091,250.8621,14.9335,10.0000
708.3045,250.7362,14.9331,10.0000
708.2018,250.6208,14.9328,10.0000
2
0
0
0
0
1
639.6483,238.1147,33.0761,29.8967
641.0272,229.1725,33.2338,28.1456
638.8725,232.6249,33.7716,26.4845
642.5009,231.5650,32.6960,25.7274
648.7206,232.8732,31.5959,25.4326
650.5286,230.1689,30.2272,25.1729
659.3989,226.7581,29.7466,24.8288
663.7949,216.1585,28.5509,25.5094
669.2670,209.2941,27.2895,25.0802
671.2869,211.8241,26.3163,25.4140
676.9335,213.6297,25.6313,25.5162
680.3644,218.3770,25.0332,25.7327
684.5424,218.5269,24.4120,25.3423
688.7884,213.5981,23.9789,24.7143
2
0
0
0
0
1
675.6912,238.7069,28.5640,28.4856
676.2910,240.0098,28.4878,26.5695
677.9645,239.8581,28.1091,24.6736
678.8752,241.1204,27.6542,23.0192
680.4252,242.1750,27.3317,21.5030
683.3113,243.1143,26.6574,20.0359
683.8905,241.7724,26.2197,18.6563
686.9839,237.4050,25.0408,17.9686
687.5426,239.1895,24.5384,17.1692
690.4111,239.7460,23.5879,16.2703
688.3792,243.8098,23.1431,15.2617
689.0388,243.5129,22.9621,14.2159
689.3141,244.5689,22.1372,13.3165
691.2985,245.5764,21.6798,12.4175
692.2249,242.2770,20.7500,11.8395
691.0374,245.5138,19.7794,11.2291
692.0834,244.8034,19.1778,10.5997
694.3240,243.7681,17.8786,10.0000
696.3430,243.9906,16.7104,10.0000
697.2390,244.4051,15.6887,10.0000
697.2312,243.8142,15.1271,10.0000
698.5217,243.2078,14.3747,10.0000
699.4200,241.8535,14.1144,10.0000
700.3844,242.1726,13.6636,10.0000
700.9250,241.2268,13.3156,10.0000
700.4662,241.6333,12.9437,10.0000
701.8223,241.8495,12.6992,10.0000
701.6478,240.2121,12.3448,10.0000
702.6556,240.5451,12.1529,10.0000
703.0252,240.7266,12.1133,10.0000
702.4241,241.4494,11.7328,10.0000
702.0184,240.9798,11.4677,10.0000
702.9147,240.8806,11.1669,10.0000
702.8900,241.6577,10.9432,10.0000
702.6900,241.6467,10.8378,10.0000
702.1068,242.0813,10.6343,10.0000
702.9946,243.6720,10.3290,10.0000
702.1987,241.4778,10.2183,10.0000
701.2441,240.5817,10.1233,10.0000
702.2529,240.9817,10.0523,10.0000
701.7547,240.9469,10.0498,10.0000
702.5810,239.8244,10.0483,10.0000
694.5022,239.6522,10.0000,10.0000
694.1608,234.4193,10.0000,10.0000
694.2646,232.6740,10.0510,10.0000
694.1288,232.3571,10.0509,10.0000
694.2881,232.1807,10.0504,10.0000
694.1110,232.2176,10.0483,10.0000
694.1045,226.5294,10.0226,10.0000
694.5814,226.1107,10.0224,10.0000
694.5240,226.0032,10.0221,10.0000
706.3380,224.7944,10.0000,10.0000
2
0
0
0
0
1
690.2644,230.1787,37.9510,38.4040
687.9377,241.8212,39.8332,36.3159
689.2780,235.0903,39.9398,34.9514
694.9926,230.9283,41.1168,32.7691
697.1531,232.2421,41.7991,32.0217
706.7951,216.9804,40.8762,31.9156
716.1503,209.0867,39.3636,32.3271
720.9202,199.3101,38.4409,32.3404
2
0
0
0
0
1
681.1605,235.8080,32.1379,31.5800
677.0670,238.0611,31.9963,29.7158
673.1187,238.0964,32.0932,27.7914
672.2453,240.3665,31.9900,26.6009
668.5958,240.0739,31.9414,24.9391
667.8461,240.6609,32.1094,23.3018
665.4993,241.6682,32.3568,21.8657
664.2513,242.8271,32.0917,20.4143
662.6284,243.9070,31.8347,18.9455
659.6552,244.7057,30.9144,17.7271
659.5226,245.2507,29.5597,16.7405
658.8585,246.2793,28.3606,15.6750
