1
595.8670,206.7325,43.6397,39.0438
589.9064,203.2486,44.5199,39.3579
586.8672,202.6048,45.2427,39.9592
588.7361,202.3300,45.5507,40.0217
585.1826,201.3046,45.6507,40.2221
579.0398,197.9206,46.0942,40.3695
575.5143,195.5790,45.8469,40.1774
578.2778,193.7101,45.1416,39.5597
583.5706,196.9399,43.2018,40.3522
575.7133,195.9741,41.2934,41.0470
574.0336,193.9761,39.6437,40.7917
573.4688,191.8099,38.2986,40.3698
572.3766,190.4261,37.2076,39.1058
572.2029,188.8728,36.2179,38.0979
572.5715,188.4354,35.0620,37.6731
571.3080,185.0721,34.2119,36.7649
571.1375,185.2814,33.3816,36.4566
570.8820,185.2753,32.6229,36.0922
570.5701,185.4359,31.8930,36.1219
570.7540,184.9552,31.2715,36.1330
570.7249,184.2911,30.6836,35.9213
570.4583,181.7595,30.0076,35.0279
571.8165,182.2112,29.4477,34.6048
568.1729,184.4409,29.0876,34.3031
568.1384,183.3084,28.8340,33.9415
568.3083,185.4395,28.4249,33.7501
567.8837,184.7703,28.1800,33.5685
568.0413,186.7019,27.8525,33.4513
567.9373,185.3886,27.6280,33.2496
567.3528,184.0284,27.3839,32.8956
567.0197,186.1933,26.9626,32.9328
566.3793,185.0260,26.5695,32.7607
565.5004,182.2280,26.0866,32.3786
564.7286,180.8882,25.6576,31.8322
566.4236,182.0023,25.4037,31.5192
564.3900,187.7221,26.1115,31.9468
552.8802,180.9384,27.2989,31.1238
547.3627,179.8477,28.4035,30.2137
545.2235,181.5748,29.3994,29.2782
544.4357,181.4809,30.0707,28.5446
545.3594,183.4922,31.1038,27.9574
543.0206,183.3025,31.6614,27.2698
543.9650,184.9465,32.3565,26.8416
542.2167,184.6629,32.7857,26.4129
541.2260,184.1930,33.1021,25.9659
541.7071,184.0101,33.4314,25.5673
541.9966,186.3061,33.7084,25.6697
540.9717,185.5323,33.8377,25.3624
542.9036,186.9341,34.3025,25.3256
541.8423,185.7735,34.6222,25.0886
541.5282,186.5892,34.5641,25.0280
543.9415,188.3554,34.8828,24.9934
543.7772,188.5211,34.7670,24.9502
545.1381,188.5480,34.6972,24.9061
548.9944,189.3373,34.7900,25.0156
555.1313,190.1487,34.1707,25.3055
561.3098,187.3517,32.9936,25.1941
565.4741,188.4669,32.4592,24.6998
574.1854,191.3896,32.5888,24.6625
584.3837,192.2566,32.7347,24.6290
587.3503,192.3272,33.0068,24.5435
589.6469,192.9375,33.1293,24.5248
591.6153,194.0550,33.3409,24.3569
593.9875,194.8304,33.3244,24.3719
595.7037,194.6017,33.2461,24.1938
597.5973,195.7607,33.2872,24.1171
599.0472,196.5472,33.5271,24.0790
600.9420,197.1747,33.4506,24.1806
601.2101,197.5193,33.5508,24.0855
604.2841,197.5418,33.7273,24.1179
605.5522,197.6771,33.8185,23.9872
607.8641,198.4356,33.9357,23.9813
608.7318,198.6062,34.1283,23.9592
604.7409,200.2678,34.4781,24.2035
611.5990,200.0769,34.7851,24.4654
614.3946,200.6443,34.8956,24.4275
616.6649,200.9943,35.0157,24.5286
618.0999,200.4824,35.1944,24.3573
620.4338,201.4704,35.0994,24.4488
622.2159,202.1666,35.2038,24.6196
624.3514,202.8194,35.1629,24.6993
625.2087,201.8840,35.2856,24.5253
626.7087,203.0645,35.5612,24.5098
628.8029,202.7339,35.3432,24.4340
630.3867,202.3055,35.3036,24.3794
631.5094,203.9279,35.2163,24.2334
633.7092,205.1969,35.0427,24.2509
635.0668,205.1055,35.0083,24.1458
635.1012,205.6531,35.1418,24.1150
638.5851,206.4912,34.9920,24.0907
643.5259,207.0995,34.7940,23.9287
646.6868,208.3651,34.5553,23.8159
647.7308,208.2233,34.4080,23.7545
648.2210,207.8606,34.5658,23.6310
647.5734,209.0935,34.7962,23.5875
649.3309,209.7278,34.6984,23.5158
648.6027,209.3723,34.8850,23.5243
648.1788,210.0824,34.9395,23.3694
648.6962,210.7133,34.8145,23.2181
648.2053,209.8719,34.8671,23.2573
647.1699,210.8276,34.9457,23.1362
641.7819,209.5379,34.8295,23.1460
627.7474,208.3815,34.3350,22.9956
626.1629,209.5503,33.1821,23.4622
623.5515,210.6045,32.4358,23.5580
619.1531,211.5546,32.4786,23.7987
615.8929,211.8658,32.7054,24.0027
613.3458,209.6947,32.6726,24.0562
613.0607,210.6643,32.6297,24.1169
611.6564,208.6685,32.5238,24.0410
610.7110,206.6605,32.2639,24.0038
608.5750,204.8136,31.9015,23.7531
607.7285,208.1971,31.8214,24.1374
606.7490,207.7363,31.7758,24.5267
603.9229,205.4168,31.6097,24.7294
602.8649,205.7198,31.5408,24.8155
599.9861,204.0638,31.4941,24.7771
599.3894,205.1505,31.3148,24.7432
596.1085,203.3645,31.1441,24.6975
594.7166,201.9422,30.8322,24.5329
594.0491,205.4519,30.8327,24.7562
593.4799,203.1390,30.7993,24.7245
589.7326,201.3487,30.5107,24.6611
589.5898,202.5365,30.3731,24.6918
588.1218,202.9906,30.5090,24.7339
587.2955,203.1785,30.3005,24.9287
589.5353,201.3709,29.2186,25.2876
590.4518,199.3042,28.2541,25.3464
594.0510,200.1050,28.1513,25.1947
599.0447,198.7267,28.3176,25.0557
603.4446,199.9773,28.4112,25.0985
600.3621,199.0579,28.7598,25.3628
599.4479,199.3414,29.2697,25.3436
599.6111,199.3460,29.2759,25.3983
599.4564,199.6517,29.4573,25.4028
598.6746,200.3140,29.6820,25.4517
597.1843,200.6591,30.0053,25.4634
596.5065,200.7031,30.3107,25.5247
595.6942,200.4757,30.5585,25.7383
594.8125,200.5481,30.6606,25.9320
593.5397,200.6524,30.9523,26.1501
591.9507,200.0328,31.4645,26.4454
590.8721,199.5931,32.0896,26.8698
590.6151,198.0396,32.4679,26.7345
590.9718,199.1534,32.6262,26.5986
590.2104,198.3575,32.9514,26.4172
591.5472,198.9397,33.3024,26.6866
590.9000,197.5485,33.5956,26.5520
595.5312,198.2079,33.5343,26.4475
592.2034,198.9211,33.8869,26.7528
593.9115,197.7937,34.1046,26.6932
596.3557,197.4509,34.1872,26.5604
597.6218,198.0698,34.3394,26.5536
601.9562,198.5842,34.4098,26.6179
603.0536,196.8833,35.0227,26.2275
605.5253,197.8726,35.3081,25.9785
621.4017,198.1948,35.2953,25.7979
622.5430,197.4346,35.4504,25.8962
624.2603,198.9407,35.5162,25.6507
623.3826,198.8944,35.6932,25.6594
625.8277,197.9665,35.6407,25.6010
627.2366,198.9484,35.6084,25.4560
628.7114,198.6392,35.5528,25.2245
630.9293,197.2836,35.5509,25.1726
630.3130,197.4954,35.8425,25.2025
624.5842,196.8979,36.4166,24.6882
652.6987,176.8136,36.3068,24.6903
648.2826,174.5722,36.2781,24.7670
638.3309,175.7564,36.2153,24.9232
627.6267,174.1336,36.1925,24.6916
614.5696,175.1800,36.4364,24.8195
602.5554,175.7487,36.6078,24.9911
2
0
0
0
0
1
609.9891,201.7782,57.6738,48.9956
607.3783,201.3207,57.8505,48.8908
612.7870,199.7876,58.4580,49.1963
607.2696,203.3663,59.0134,49.4482
609.6826,199.7263,59.5981,49.6063
607.3197,201.4466,59.5515,49.6516
609.9377,202.3051,59.9614,50.0976
610.2681,196.5927,59.6777,49.8105
607.3578,193.3610,58.5133,49.4398
602.8485,199.6414,56.3315,50.5475
606.4573,205.9452,54.1833,52.1112
601.9877,197.8549,51.8310,52.8308
605.5435,195.4813,49.8823,53.0359
604.5146,192.9565,48.3927,52.3650
604.2609,190.6903,47.2200,51.1001
603.3045,194.3917,45.9358,50.7522
603.0051,192.1730,45.0135,49.5189
600.0578,196.0268,43.6147,49.4897
603.6209,193.7427,42.6084,48.7236
601.7855,196.1961,41.4555,48.9390
601.2185,193.3883,40.5081,47.8976
602.8912,196.4589,39.8284,47.6787
601.5822,194.2780,38.9841,46.9720
602.1441,196.5998,38.6400,46.4620
600.8250,194.5784,37.9786,45.6584
601.0585,197.0321,37.5096,45.1682
601.0089,198.1318,36.9621,44.8564
596.4066,197.5876,36.2881,44.8550
597.1725,197.6472,35.8924,44.5219
597.6493,198.0381,35.4744,44.3023
595.3740,197.7521,35.0908,44.2299
593.9819,197.4584,34.7964,43.9785
592.7307,197.2517,34.4967,43.7555
592.2923,197.6958,34.3525,43.7205
591.2578,197.3188,34.2872,43.2098
591.3576,200.0820,34.0111,43.4246
590.3561,198.9318,33.7856,43.6823
589.3292,198.3282,33.7677,43.4851
588.5491,197.6249,33.7498,43.0220
588.3430,199.9772,33.6347,43.2830
587.6197,198.9413,33.7075,43.0347
587.3478,200.1036,33.7538,43.0989
586.9148,200.6865,33.7938,43.2690
588.7570,201.0903,33.8306,43.5962
586.9214,199.6674,33.8487,43.5642
588.2817,201.6049,34.1685,43.5644
588.0457,205.8641,34.8817,44.2978
590.3088,207.0580,36.0250,43.6984
586.6311,207.3684,37.6367,42.7444
587.6516,208.6256,38.9836,42.0912
579.8297,208.4617,40.7512,41.2648
578.5228,209.6502,42.3924,40.3025
576.6188,211.4590,43.9663,39.3147
572.6365,212.1510,45.5053,38.4357
570.3279,213.3292,46.6696,37.9522
565.9181,212.9510,47.8108,37.5111
560.8564,213.2600,48.9435,36.9894
559.2853,215.4356,49.5023,36.7680
553.0294,213.2694,50.3640,36.2812
545.4609,216.7579,50.9087,36.4778
543.9447,213.9829,51.6049,35.9107
537.9874,214.9172,52.0329,35.3162
535.9813,216.3519,52.6582,35.3085
529.9726,216.5119,53.0089,35.2876
526.9528,218.2632,53.5032,35.5301
519.8907,217.9163,54.3791,35.7131
517.0345,217.4980,54.4210,35.6869
509.4901,216.8397,54.6813,35.6751
506.0201,219.5858,55.0825,35.8130
500.1813,220.3307,55.3296,35.9419
493.6981,220.0424,55.8906,36.2138
488.4476,219.7446,56.2142,36.3122
482.6234,220.6620,56.3850,36.2635
480.2902,222.6611,56.6805,36.3951
473.9645,223.3613,56.7004,36.3901
471.5296,224.9475,56.9391,36.5999
465.2356,225.1008,57.3854,36.5493
462.0658,226.3198,57.7936,36.7320
459.2389,224.4146,57.8516,36.6816
452.9386,225.2176,58.0973,36.4388
447.9548,225.7817,58.1040,36.3807
445.9082,227.1531,58.0363,36.4249
441.2410,225.3937,57.8423,36.3021
438.4173,224.8032,57.7006,36.0286
433.7652,224.4259,57.0016,35.7977
434.9890,227.6072,55.6449,36.2096
434.6566,227.3978,53.9357,36.2690
434.2279,231.5449,52.0387,37.1237
433.1595,230.0043,50.2402,37.0723
433.7415,230.0042,48.9125,36.6850
434.0547,231.6917,47.7205,36.7651
430.3818,231.4317,46.7602,36.1055
431.2611,232.7938,45.8364,35.9724
431.0044,234.3997,44.9949,36.0445
429.8890,234.7973,44.1044,36.0309
429.4396,235.0475,43.3945,35.8132
429.9420,235.7978,42.7853,35.4283
429.9060,237.9730,42.1382,35.7864
429.3408,236.8506,41.3359,35.2526
430.0224,237.7392,40.9212,35.1332
429.4157,238.2570,40.5165,34.7884
430.0284,238.6589,40.1690,34.6499
428.2730,240.1931,39.8867,34.5556
424.9378,240.6660,40.0836,34.4437
432.0489,241.2318,40.9110,34.2310
432.0301,241.4668,42.1638,33.8878
424.0984,239.7366,43.5010,32.9379
427.7055,240.8371,44.8363,32.3293
426.5656,241.7901,46.0686,31.7618
425.8446,243.5350,46.9193,31.4560
424.4448,245.2952,47.6582,31.4360
422.9949,246.4117,48.3586,31.6101
421.6935,247.9924,49.0301,31.6859
420.7182,249.3056,49.6294,31.7111
418.5176,251.2272,50.2119,32.0214
416.5783,252.0430,50.8305,32.3035
414.9747,252.4922,51.4282,32.5046
412.7948,254.1644,51.7469,32.8054
411.2901,254.3982,52.1025,33.0699
401.8793,256.3591,52.3588,33.1701
405.5093,254.9651,52.5214,33.0867
407.2211,253.9997,52.2026,32.8234
410.4753,254.9017,51.3899,32.8154
411.5023,256.1754,50.3586,32.9227
413.3789,257.0633,49.2549,32.8800
414.7934,257.9810,48.4944,32.9677
415.5771,257.6171,47.9509,32.8083
415.8899,257.1504,47.4872,32.4217
416.9323,257.7701,46.9578,32.0157
417.7639,259.0443,46.4027,31.8785
418.6864,258.9558,45.9203,31.7255
419.7831,259.9402,45.6211,31.6391
421.1413,260.6607,45.4601,31.5984
422.3131,260.7765,45.2100,31.7201
421.4933,261.2134,45.3801,31.4996
421.6043,263.8177,46.4622,31.5498
422.1625,262.2623,47.3122,31.5259
422.4266,261.7430,48.3934,31.7222
423.2301,262.0936,48.8478,31.9863
419.7200,261.3314,49.6621,32.2837
417.7554,260.2016,50.2148,32.4623
422.0052,261.0078,50.1702,32.4180
421.8449,261.4142,50.0326,32.5955
418.4607,260.2336,50.1544,32.6619
417.0978,258.8220,50.2141,32.4676
418.9482,259.1128,50.1847,32.2772
421.2983,259.8974,50.0438,32.2147
421.0598,258.3650,50.1586,32.1599
422.2668,259.3559,50.0417,31.8092
424.5168,259.8760,49.9691,31.6586
424.9817,258.4461,50.0482,31.5068
419.7295,259.8719,50.2035,31.6343
428.4850,259.1180,50.2231,31.5819
431.4024,259.2183,50.2263,31.4931
432.9371,259.3788,50.0569,31.4068
436.2008,258.5665,50.1998,31.3218
435.9928,257.4228,50.4041,31.1965
441.6230,255.3008,50.2126,31.2006
446.1182,254.4312,48.7274,31.1460
454.2339,254.5108,46.9107,31.7164
459.5964,255.2451,45.1165,32.6423
464.8897,253.0598,43.4539,33.5391
471.9078,253.0574,41.7557,34.3303
472.0266,253.3305,40.0482,35.5700
476.0617,252.1693,38.4098,36.8354
480.8939,248.7434,36.8771,37.9247
483.5733,245.7477,35.7760,38.3292
488.5016,245.8007,34.4773,39.1172
492.6305,242.8652,33.4252,39.5165
496.2509,242.6431,32.3901,39.8805
500.6318,239.8943,31.5633,39.8358
504.2430,240.4342,30.7900,39.9747
507.7638,240.7426,29.9469,40.6315
511.2922,238.3622,29.3993,40.6895
515.2533,238.2420,28.8909,40.8407
518.2448,235.4498,28.4491,40.9005
522.0815,234.6162,28.1249,40.7492
525.4379,232.4898,27.9010,40.3217
528.7441,231.8328,27.6186,40.1466
532.3879,230.7809,27.3285,39.9584
536.1611,228.3074,27.1525,39.5514
538.9227,227.7964,26.9027,39.3192
542.3178,227.1035,26.6425,39.4738
544.9472,225.9530,26.5913,39.1961
547.7893,223.7802,26.6111,39.0806
550.3687,224.8159,26.7251,39.0616
553.2087,223.5416,26.9663,39.2757
561.6002,229.0965,27.0922,39.2862
565.0488,230.2234,27.6548,38.9832
561.9338,221.3764,28.9766,38.0451
567.2477,222.0527,30.0289,37.0419
562.9788,218.8955,31.6689,36.0375
568.1006,220.1559,32.7334,35.3085
563.8302,216.5952,34.2126,34.4114
564.3250,214.6628,35.5121,33.5703
561.4863,212.9338,36.8115,32.7394
563.0635,211.4946,37.8645,32.0805
561.7287,211.0007,38.9338,31.7483
563.4561,209.5018,39.6965,31.6037
562.4724,208.7065,40.4820,31.6110
564.0552,206.5766,41.0877,31.5258
562.0973,204.5629,41.7828,31.2249
564.5011,204.6136,42.1307,31.5583
563.2297,203.2255,42.5409,31.8861
561.6691,200.4250,43.0440,31.8034
561.6888,199.6362,43.3738,31.7590
561.7167,198.8447,43.5878,31.9293
560.7908,195.6952,43.8383,32.0641
561.6230,195.6086,44.1050,32.0596
562.2115,194.6930,44.2298,32.2705
561.6003,191.0923,44.3497,32.6313
561.6479,190.6105,44.4744,32.8004
560.8717,187.4062,44.6055,32.8192
561.6553,186.4335,44.6041,33.0742
559.0729,184.8080,44.9053,32.9804
560.5697,183.3109,45.1988,33.0765
560.9537,178.7914,45.2253,33.0604
559.0306,178.0642,45.5386,33.0743
559.0703,169.2205,44.7223,32.5520
565.3232,175.6161,43.0674,33.8778
563.7156,180.5864,41.6485,35.2069
565.9742,181.3287,39.9942,36.5922
567.4792,177.2726,38.4731,37.9950
566.3845,172.4653,37.0544,39.1954
565.8511,169.1956,35.9556,39.9208
568.4650,168.2309,34.9424,40.9856
568.5350,159.0498,34.0308,40.9423
568.2796,158.7924,33.0057,41.1329
567.1978,164.1846,32.2522,41.7672
566.4067,161.1681,31.7067,42.0555
568.4957,162.9268,31.0652,43.0076
567.0355,159.2238,30.5704,43.2355
568.7281,159.1457,30.2414,43.9488
567.5591,156.1021,30.0833,44.1611
566.5463,156.4968,29.9540,44.3771
565.3226,156.1219,29.8282,44.1799
566.6348,153.3139,29.4803,44.6012
565.3679,153.6512,29.4655,44.4406
563.9329,153.2490,29.4244,44.3901
564.6762,151.9267,29.1771,44.4537
562.8511,148.9850,29.0622,44.5219
563.9492,150.9692,28.8727,44.8858
562.0668,147.8269,28.9040,45.0360
560.5611,145.6182,29.0131,44.8952
559.3849,144.1188,29.1300,44.7154
561.0569,145.8331,29.0192,45.0181
559.7153,143.4969,29.0250,45.0377
558.6850,143.7689,29.2316,45.0760
560.0214,143.6552,29.1301,45.4445
558.2616,143.8098,29.2703,45.2843
559.2671,141.6704,28.9641,45.9627
557.3752,140.0060,29.1882,45.7982
558.7275,141.4316,29.0693,46.2253
556.8593,141.1522,29.3255,46.2212
557.2274,139.4321,28.9571,46.6224
557.5981,138.4957,28.6551,47.2181
558.1527,138.2501,28.2547,47.7308
558.9531,139.9043,27.9308,48.3336
560.0399,140.6251,27.9583,48.7949
558.7695,140.3012,29.1997,47.5577
561.7938,143.6880,30.3656,46.4052
553.8481,135.1721,32.0274,45.0335
554.3600,137.0234,33.6225,43.9211
550.8000,135.6015,35.2905,42.6728
547.4935,137.1691,37.0548,41.5212
544.5371,138.1273,38.6781,40.6440
541.3893,136.3060,40.3092,39.6194
543.1768,137.7195,41.4589,38.9623
537.8914,137.2565,42.7257,38.1353
536.5363,137.1161,43.7906,37.5650
535.5837,137.0287,44.8138,36.9732
534.8731,136.9863,45.6043,36.7378
533.1316,137.5080,46.4981,36.3609
532.1473,137.3725,47.1770,36.2116
530.8227,137.5018,47.7282,36.1461
531.5975,137.0329,48.0721,36.1217
530.8442,137.1418,48.3979,36.0391
530.5222,137.0184,48.6885,36.1139
530.8001,136.6848,48.8234,36.3327
530.5919,137.0434,48.8833,36.5350
529.6967,137.4369,49.1994,36.5476
529.0881,137.1412,49.4695,36.5910
529.2786,136.5678,49.5867,36.8137
528.0503,134.0190,49.7884,36.8807
522.7888,132.3366,49.5123,36.7271
527.1071,131.7712,47.8305,36.8133
532.6711,141.2631,45.9438,38.4220
534.1014,142.3578,44.1009,40.0191
532.6816,139.1702,42.6289,40.8240
535.6038,139.6836,41.0088,42.2209
534.5897,136.7227,39.7461,42.8093
536.6703,137.6695,38.2026,43.9464
535.1799,134.7931,37.1333,44.2476
537.2272,135.8544,35.8573,45.2270
538.4939,137.5732,34.6182,46.3579
536.9426,134.5107,34.0006,46.3787
538.4275,134.9245,33.0494,47.4888
539.2565,135.3383,32.1251,48.3788
539.8460,133.5438,31.1893,49.2909
540.2588,134.9974,30.4744,50.0014
538.2633,130.4538,30.1402,49.5525
539.9896,134.7332,29.5753,50.1191
540.0350,132.1824,28.8747,50.6229
540.3514,131.4126,28.1674,50.9613
540.8606,130.8027,27.5577,51.0016
540.7806,130.7915,27.0416,51.0849
540.9394,132.2278,26.7451,51.3981
540.7626,130.4430,26.3555,51.2879
541.2215,131.1113,26.1730,51.5776
540.6270,132.1816,26.0130,51.7587
540.7221,133.8493,26.0023,51.7876
540.8582,130.9934,25.8503,51.7965
541.2213,133.5589,25.7784,51.9485
540.4354,130.5753,25.5885,52.0143
540.8327,133.1951,25.5321,52.1388
540.8862,129.8919,25.3375,52.3459
540.3622,128.7413,24.9688,52.3385
539.9753,128.4480,24.7101,52.2255
540.3577,131.1025,24.6335,52.3697
539.8420,128.6220,24.5596,52.1455
539.5291,131.3968,24.5978,52.0930
538.9594,128.4435,24.5496,51.7837
540.7428,129.1747,24.4384,51.6613
539.5912,129.2116,24.3409,51.5072
539.3271,129.8350,24.4031,51.1275
537.9649,127.5985,24.2568,51.0146
538.4456,128.5111,24.2004,51.0881
537.9031,130.7634,24.1781,50.8897
538.0588,127.3684,24.1623,50.7872
537.4559,128.1834,24.0373,50.9285
537.0214,126.3242,23.9628,50.7557
536.5801,127.6708,23.9089,50.9618
536.9600,126.7715,24.0142,50.8876
537.1035,126.9318,24.0911,51.0525
535.8978,123.7327,24.2181,51.2002
536.7562,124.0358,25.1364,50.9683
538.6536,121.6730,26.7052,50.1344
537.4158,124.6375,28.5095,49.4853
533.4849,126.7111,30.2335,48.3382
534.0576,127.9235,31.9201,47.6198
534.4889,129.1138,33.5337,46.8617
535.1545,125.6434,35.2029,46.4092
535.1849,126.2338,36.7862,46.3384
538.1378,123.3067,38.0889,46.5218
536.9988,121.5977,39.3414,46.4195
536.3448,123.7639,40.5695,46.6169
538.6477,119.7087,41.0895,46.4174
536.6460,120.4805,41.5501,46.4316
536.3138,118.3935,41.9160,46.1723
535.7775,120.1966,42.2731,46.3266
534.7759,116.7011,41.8296,46.1268
529.8711,121.4727,40.0628,47.4601
536.0649,126.0486,38.9862,47.2272
530.5787,120.1459,38.9591,47.1029
527.8862,115.9850,40.2516,45.9412
525.6727,116.5123,41.4265,45.2807
528.2488,117.9018,42.1727,44.7787
525.6489,115.0861,43.1502,44.0155
523.8502,116.6763,43.9758,43.5097
526.8304,117.9459,44.3154,43.4085
524.9485,115.5025,44.6917,43.2734
523.6227,116.2447,45.0563,43.1831
522.6334,115.7142,45.4805,43.2182
521.6876,115.4864,45.9342,43.3596
520.5819,115.5228,46.4325,43.4295
519.3220,112.2953,46.8039,43.1367
518.0468,113.3866,47.0820,43.1755
517.3535,113.8619,47.4335,43.4271
515.1561,110.6250,47.9641,42.9253
514.1188,111.7537,48.2060,43.3006
512.1614,109.5170,48.7477,43.3518
511.9299,110.7183,48.7894,43.6873
511.6586,111.1612,49.0279,43.8933
511.7692,111.6171,49.0500,44.2877
511.7130,111.8506,49.2276,44.5537
511.7049,111.6882,49.3123,44.7641
510.9947,108.9304,49.1690,44.8316
508.5015,108.5969,48.6208,44.9162
512.2180,113.6377,46.8503,46.8515
514.8354,116.2816,44.9736,48.7270
516.7898,104.4415,44.0349,48.3767
518.0599,107.0190,43.8395,48.4355
520.0051,106.4212,43.8721,48.5483
519.5275,108.1710,43.9530,48.6154
518.4124,107.4992,43.8747,48.6796
517.7983,107.9951,43.6844,48.6149
516.4330,107.6567,43.6146,48.4038
517.2789,106.1001,43.5732,48.2586
516.0898,106.3365,43.6177,48.6480
516.6487,105.5581,43.4566,48.4054
515.0936,107.9328,43.5564,48.5168
514.3932,106.9764,43.6003,48.5590
514.4365,106.5626,43.7493,48.5689
514.1257,107.8051,43.9518,48.7549
513.2501,106.5380,43.9364,48.8448
512.9603,106.8092,43.8340,48.8669
513.3260,106.3214,43.7834,48.9378
512.5521,106.4865,43.6703,49.1505
512.4625,105.1132,43.3922,49.0831
511.9623,106.0772,43.4337,49.0034
511.7235,106.6233,43.2647,49.0620
511.8340,108.2500,43.2156,49.3466
511.2898,107.7078,42.9879,49.6328
510.9408,108.4186,42.9246,49.9414
510.2032,106.8531,42.8430,49.8904
509.7579,107.3472,42.5005,50.0310
506.3417,106.3378,41.1557,50.1924
512.0619,114.3503,39.3908,51.1117
508.1098,108.2992,39.2947,50.9800
512.1412,110.2298,39.6072,50.5395
513.1324,125.6583,40.5497,50.8133
515.2109,128.8110,41.1925,51.6071
516.4255,127.0601,40.9869,52.4111
508.9260,110.5092,42.7200,51.2616
505.4818,107.5213,44.4683,49.7178
508.3813,111.4977,45.7416,48.9061
506.4202,112.8777,47.0076,48.4077
509.0349,111.4568,47.7695,48.1716
506.3772,112.7020,48.8666,47.7252
509.7856,115.3197,49.2687,47.5340
506.9111,112.8355,50.0859,47.3829
510.5209,115.7993,50.2191,47.3950
507.5714,113.5312,50.8957,47.1612
505.5277,114.7298,51.7469,47.1511
510.1062,116.9238,51.7171,47.2291
507.4061,113.8795,52.1935,46.9856
505.6180,115.0992,52.9159,46.7886
508.2480,113.5375,53.2116,46.4811
506.4106,115.0128,53.6124,46.6233
505.0777,115.7514,54.2569,46.6918
504.5857,115.0406,55.0827,46.6068
504.3387,114.9747,55.6753,46.6418
508.7548,116.9515,55.7501,47.1001
506.8137,116.6743,56.3499,47.3842
506.2707,115.6875,57.0330,47.4070
505.4904,115.6837,57.8369,47.1331
509.6366,117.0364,58.1819,47.4573
509.2188,117.0967,58.3206,47.7140
509.0526,116.6387,58.9264,47.7020
509.0258,116.6225,59.1227,47.3819
507.8136,116.9260,59.6725,46.7993
511.8594,119.3883,59.6423,47.1097
511.1428,120.0502,59.9161,47.1650
511.0277,119.7987,60.0679,47.2472
509.6714,120.1873,60.5776,46.9757
508.8741,120.0324,61.0642,46.5240
508.6168,119.9267,61.2634,46.0254
513.4128,122.0505,61.0953,46.2892
511.5227,119.7678,61.2435,45.8775
510.6258,121.2744,61.2367,45.9404
510.8362,121.8475,61.1246,45.7471
511.2096,122.1241,60.9720,45.7530
512.4413,121.7701,60.7584,45.7666
513.1965,122.3364,60.6333,45.5359
513.6107,122.9860,60.3484,45.5678
514.5886,123.3097,60.3917,45.2346
515.2167,123.5955,60.0759,45.1803
516.0197,123.9421,59.8257,45.2791
517.0679,124.0009,59.4669,45.5368
517.9520,124.9301,59.2831,45.5503
518.6243,125.0362,59.0805,45.3946
518.4008,124.2074,59.1203,45.0023
518.4919,124.1744,59.0025,44.5027
517.3774,124.3179,59.1846,43.7242
522.8616,125.4363,58.8516,43.9130
521.7960,125.7722,58.6802,43.8478
522.0864,125.5573,58.5554,43.4982
521.0010,125.1917,58.6945,43.1419
525.4233,126.8757,58.6543,43.1852
524.9173,127.2148,58.6316,43.0141
525.2656,126.6571,58.7807,43.0049
524.8665,126.8429,58.9725,42.6930
529.3941,128.1572,58.7568,42.9927
529.8400,128.3309,58.6361,43.0653
528.1317,126.7345,58.7551,42.7760
527.6931,123.7058,59.0171,42.5024
536.1899,120.9067,57.8639,42.5001
535.6721,140.3471,56.2980,44.1614
539.5436,136.2365,54.3557,46.0093
542.4310,122.3800,52.2618,46.4867
545.6712,121.5675,50.6901,46.9689
546.7058,121.8633,48.8956,46.6801
549.1097,121.3524,47.4256,47.0539
552.2576,122.1633,46.1460,47.3474
552.2591,122.7321,45.5320,47.4211
552.9693,122.8590,44.7619,47.4319
551.6893,120.9961,43.9381,47.0456
552.8326,121.4542,43.4021,46.9034
553.2171,121.4066,43.1729,46.3389
554.6862,122.2047,42.5383,46.3669
556.1306,122.3192,41.9140,46.2361
556.3416,122.4482,41.5108,45.9581
556.4510,122.3810,41.0415,45.6519
558.7738,122.4917,40.0104,45.6525
557.5687,121.1427,39.2400,45.1985
557.5378,122.5155,37.9849,45.7026
563.9012,136.4976,36.7742,46.3616
562.1896,123.2717,37.2652,45.7227
560.0735,124.7805,38.6998,44.9697
558.7190,125.2046,40.3932,44.0060
557.8910,125.5031,42.0049,43.1369
560.0823,124.2439,43.3782,42.5576
558.9543,124.8185,44.6265,41.9746
558.4814,125.1382,45.7901,41.5026
559.2582,124.8170,46.4994,41.3151
558.8215,124.5362,47.0867,41.2397
558.5404,124.0880,47.6702,41.2008
558.2728,123.9939,48.1195,41.1492
558.0912,123.2891,48.7067,41.1774
557.6526,123.8128,49.0327,41.1870
557.3985,123.8479,49.4857,41.3200
556.8771,124.0184,49.7386,41.6999
556.7352,123.4908,50.0813,42.0838
556.0554,123.1878,50.4515,42.5129
555.7109,122.9228,50.9308,42.6454
555.4359,122.5700,51.1703,42.6444
555.2995,122.9102,51.3027,42.6431
555.6677,122.5373,51.5748,42.8846
555.5215,122.8601,51.9205,42.9724
554.8904,120.0724,51.8809,42.7092
552.5696,119.3822,51.4862,43.0923
556.0565,122.0571,49.5978,44.2248
557.2918,120.2450,47.5296,44.8766
562.6087,117.2857,46.9277,44.7687
564.9141,118.4963,47.0438,44.8772
566.5629,119.2753,47.3093,45.0761
565.4373,118.1626,47.2795,45.1383
564.6071,119.1075,47.0849,45.2015
564.8190,117.8325,47.0385,45.2069
564.6831,117.9536,46.8773,45.0620
561.1436,121.0259,46.8690,45.0557
563.0318,117.0413,46.7504,44.9140
563.0651,117.9330,47.0536,45.3111
559.5241,120.5275,47.1090,45.3979
560.8663,121.0506,47.2478,45.5998
562.0973,119.7621,47.4253,45.7945
562.0817,120.3147,47.7051,46.1647
563.7646,117.1732,47.7805,46.2369
560.1096,118.0849,47.6284,46.0684
562.9877,118.2717,47.4723,46.4061
563.7068,117.6412,47.1387,46.6416
563.3582,118.3279,47.0650,46.8104
564.6586,116.2687,47.2627,46.6378
563.7229,117.1310,47.2727,46.6487
563.9261,117.9584,47.1729,46.8105
563.6361,117.9124,47.0468,47.0389
565.2567,117.7586,47.0196,47.0836
564.4857,117.7929,47.0498,47.3429
564.1177,116.5765,47.1480,47.5091
564.9793,117.3540,47.2125,47.6978
566.8581,118.0366,47.6226,47.5675
567.5224,121.7221,48.3369,47.7699
569.2587,119.4141,48.8786,47.5639
568.5104,121.9226,49.5649,47.9091
570.4432,119.6519,49.9623,47.8180
569.9548,118.8500,50.5723,47.4856
573.2965,118.0126,50.6340,47.5965
573.0239,118.5515,51.3551,47.4768
574.3146,118.3212,51.5929,47.0816
570.9938,121.4157,52.2404,47.3354
568.5880,120.0130,52.3019,47.2514
575.9545,119.9110,52.6506,47.3567
576.6767,119.2818,52.9527,47.4690
575.9187,117.7437,53.3282,47.2204
573.0645,121.0693,53.4641,47.3541
576.0467,119.0297,53.7184,47.4523
573.3163,118.3562,53.8546,47.4059
577.0138,117.8510,53.9359,47.4188
576.6029,117.1896,54.0383,47.2363
576.1796,116.7694,54.3084,46.8674
577.2563,117.4678,54.3094,46.6697
576.6180,116.9822,54.4975,46.5757
575.6069,118.0014,54.7190,46.5599
574.7577,114.8065,54.7636,46.5581
571.3050,115.0448,52.8610,47.4634
571.5117,124.4233,50.7714,48.9741
565.5570,116.4342,50.1232,48.9091
568.9519,114.3944,49.9318,48.6594
567.8426,115.7596,50.5224,48.2826
567.0027,116.6403,51.0845,48.0468
565.2111,113.1996,51.6861,47.7116
569.4466,115.6194,51.4293,47.8734
568.8994,115.5184,51.9681,47.4335
567.8121,115.0641,52.5963,47.2260
568.1699,114.7407,52.6805,47.3258
564.5969,113.2727,53.2717,47.1402
566.6873,113.1913,53.3535,47.0586
568.0012,113.5355,53.1161,47.3655
568.6733,113.9927,53.3315,47.5014
568.5394,115.5046,53.5473,47.6898
568.2977,115.8072,53.8427,47.7197
566.5793,115.8207,54.4657,47.6632
565.2346,115.3325,55.1873,47.5872
564.7294,115.0868,55.8777,47.4277
563.6117,116.2943,56.1231,47.5884
561.9908,115.1506,56.8497,47.5498
560.8231,115.4052,57.0330,47.5601
560.1429,115.9026,57.1276,47.6982
559.7515,116.1062,57.0444,47.8406
557.8222,113.1427,57.2669,47.4463
557.2360,114.1831,57.7040,46.9828
557.0533,114.9295,57.8460,46.7652
556.6179,114.7026,58.1443,46.4565
556.5114,114.8425,58.2361,46.1249
556.0016,114.4780,58.5052,45.9206
555.8517,114.8470,58.6583,45.6088
555.8418,114.3486,58.8044,45.4148
555.6389,114.5571,58.9324,45.3039
557.0169,113.9684,58.5908,45.4566
555.8543,108.4236,57.4693,44.7904
563.6559,116.5168,55.4175,46.3431
564.7464,115.4357,53.3230,47.6158
567.4537,107.8331,51.5405,47.8027
568.3441,106.0490,50.3142,47.2780
567.9840,104.9889,49.5635,46.6431
567.3767,104.2136,48.9420,46.0619
566.5645,107.0055,47.6115,45.8476
567.9023,106.1598,46.7057,45.5636
568.0999,105.3414,46.0468,45.3160
567.5986,104.6831,45.5689,44.6994
566.5665,106.9396,44.5916,44.2820
564.1398,105.3255,43.3541,44.0313
564.7928,113.0109,41.6234,45.2394
560.6031,108.6070,41.8832,44.9623
562.5607,111.1935,42.5842,44.8584
559.7812,112.7353,44.0749,43.9737
561.5253,111.8450,45.2714,43.2150
558.4746,113.5727,46.4189,42.5931
560.3044,111.6188,47.0814,42.0486
557.7081,112.6659,47.8122,41.7056
559.9339,114.1756,48.2358,41.6039
557.4083,114.5681,48.6953,41.9203
559.5431,112.5738,49.0172,42.0684
556.9918,113.1331,49.5010,42.2632
554.7547,112.4877,50.3963,42.3350
557.6938,114.0759,50.6058,42.6239
554.6847,110.8274,50.9463,42.5765
552.9643,110.7730,51.4870,42.3666
555.8792,112.4887,51.7284,42.7241
553.6072,112.5775,52.1094,43.0597
552.2241,112.0263,52.5883,43.2146
549.0049,107.2022,52.0185,43.0790
560.3275,110.1591,49.9644,44.3640
557.3952,110.8301,47.8927,45.0025
563.4606,106.7826,46.8550,44.5341
564.5344,107.0106,46.5348,44.4900
565.0060,107.9527,46.4428,44.7461
564.4484,109.1802,46.5740,44.7372
560.8563,110.0782,46.5391,44.6192
564.7288,106.8168,46.4169,44.5980
564.5350,107.1341,46.1535,44.8693
564.2335,106.3705,45.9390,45.1727
564.7696,106.3779,45.8638,45.0354
564.5169,105.9201,45.8420,44.9235
564.6127,105.8479,45.8040,44.8370
564.6917,105.8871,45.5981,44.8435
564.7796,105.9091,45.4295,44.8255
565.7049,106.2302,45.3721,44.6166
565.6054,105.9187,45.1892,44.9567
565.5923,106.2256,45.2643,44.9731
565.4536,105.2256,45.1519,44.9990
565.2538,105.4488,45.0579,45.0968
565.4846,105.7856,44.8437,45.1578
565.8004,106.0757,44.4964,45.2028
566.1017,106.1714,44.1487,45.3920
565.7410,104.0998,43.9441,44.9579
565.5773,103.0563,43.4786,44.4166
564.9054,113.1083,41.7993,45.8090
561.1376,107.4983,41.2137,45.9869
565.2660,109.6998,41.6108,45.5179
566.7133,111.0684,42.7078,44.6231
560.4770,107.1426,44.2556,43.4491
563.8749,109.4732,45.0843,43.0889
566.7397,110.9648,45.6268,43.0755
564.0305,108.3581,46.5627,42.6810
559.2018,107.4031,47.7546,42.0209
559.1423,107.6864,48.8342,41.4044
559.4629,108.2748,49.7187,41.0497
559.5678,108.6701,50.5163,40.8771
559.3087,109.1603,51.2620,40.7916
558.9283,109.5008,51.9076,40.8782
559.2559,109.6861,52.4686,40.5688
559.1531,110.4083,52.7532,40.5743
557.9698,108.3584,53.1194,40.6879
558.7072,109.2403,53.3831,40.5978
558.1434,110.1837,53.5368,40.8455
557.9948,110.8081,53.6629,41.1373
556.6661,108.8664,54.1188,41.1857
555.1241,110.3326,54.3251,41.3637
553.0197,107.7919,54.6881,41.2946
551.4346,108.7068,55.0860,41.3197
548.8508,107.7577,54.9466,41.4253
552.1830,102.3294,53.5811,40.7179
555.0944,112.6333,51.6430,42.1464
560.4678,115.9906,49.9209,43.7239
557.2994,111.1079,48.2554,44.6077
558.8139,111.8564,46.3241,46.1901
560.3329,112.9499,44.4262,47.7224
558.3785,116.3756,42.7973,49.4793
561.5400,113.9422,41.1434,50.9774
563.0334,110.4831,39.4222,52.2193
564.5068,108.0439,37.8062,53.0577
565.6332,109.2313,36.2789,54.2404
566.1695,106.9423,34.8894,54.8850
566.7190,108.6452,33.5575,56.1234
567.7612,105.4476,32.4076,56.8332
568.5995,104.4013,31.4801,57.2045
569.3817,105.6616,30.6464,58.0638
569.8318,104.1380,29.9296,58.3810
570.0963,105.5252,29.3676,58.6996
570.4852,103.9864,28.8669,58.7661
570.9048,103.7890,28.2881,58.5420
571.3012,103.1751,27.9337,58.1842
571.4274,103.1539,27.4834,57.8588
574.5508,107.1161,27.5859,57.9360
576.3064,102.6176,29.2322,57.1073
578.2664,104.6187,30.6990,56.1419
578.3477,106.8277,32.4477,55.1804
578.1849,105.5300,34.3818,54.0553
580.2625,103.3717,36.0641,53.0962
576.9307,106.7192,37.5137,52.5605
576.0935,109.2477,39.0759,52.4550
578.1096,106.0936,40.5659,52.1097
576.9694,108.6450,41.8258,51.8102
579.9266,105.1618,43.1441,51.4221
577.7764,107.8826,44.5839,51.2222
578.6016,107.9135,46.0581,50.5592
579.5652,105.9868,47.2551,50.1134
580.5624,106.1565,48.2551,49.2473
577.6603,111.5224,49.4062,49.5710
579.9158,108.1947,50.1045,49.9244
581.4700,107.0186,50.4269,49.5219
580.8657,106.2208,50.7600,49.0438
581.4572,105.7374,51.2825,48.5302
576.9617,108.5779,51.7997,47.9843
580.8708,107.8448,52.2695,47.9174
581.7822,106.8602,52.1735,47.7760
581.0519,107.7004,52.3932,47.6891
577.0815,103.3634,51.7283,47.0951
573.6949,112.6708,49.8633,48.3401
572.8351,104.3866,48.0112,48.4458
571.8301,106.8918,48.1639,48.5223
575.7258,108.9815,48.5034,47.9302
573.5689,106.5331,49.2992,47.2385
572.2047,107.5564,50.3403,46.7058
575.3053,109.0373,50.9272,46.4817
574.3648,109.5213,51.7005,46.6902
573.4503,109.2977,52.4467,46.6715
571.8328,106.8695,52.9981,46.4454
575.4796,109.3380,53.1724,46.5115
574.6161,110.4648,53.4059,46.6430
573.5782,107.9608,53.6224,46.5587
573.7759,109.4886,53.9260,46.3589
573.6746,109.8279,54.0769,46.3675
572.8610,106.6574,54.2082,46.1351
572.7036,108.4113,54.4608,45.7872
573.2553,109.3989,54.4754,45.4845
573.0103,109.8662,54.6806,45.2509
572.6368,109.7444,54.8698,45.1905
572.2463,109.8713,55.1758,44.9502
571.7651,109.7899,55.5039,44.7593
572.1377,109.6713,55.5611,44.7453
571.5104,109.2397,55.9010,44.9109
569.9471,108.2104,55.3517,45.2705
576.7412,112.1521,53.1324,46.8183
577.9598,105.6834,51.2188,47.5972
583.8854,102.7404,50.7985,47.0246
586.1018,104.3408,50.6751,47.0052
587.5042,106.0030,50.8561,47.1682
587.1375,105.6570,50.7493,47.1405
587.2806,106.6705,50.8162,47.2455
587.9702,105.0915,50.7623,47.2507
588.7018,104.6348,50.8020,47.2303
589.2311,105.4671,50.5912,47.2100
588.7687,103.7745,50.6575,47.1110
589.8474,104.7734,50.6795,47.3596
590.4538,105.6454,50.7849,47.5467
590.2122,105.8793,51.0718,47.8131
590.6903,103.7501,50.9303,47.9137
591.9858,103.8967,50.7943,47.8939
593.3883,104.7999,50.9412,48.0256
593.2402,104.8474,51.1917,48.0831
594.0969,104.6967,51.4949,48.4404
595.3030,104.4711,52.0321,48.5457
596.2483,104.0696,52.4998,48.6832
592.8173,104.2670,52.3543,48.5547
596.1069,104.3700,53.1855,48.8829
593.8797,104.9194,53.3491,49.0513
597.4716,104.3139,54.2473,49.2054
595.4018,104.2791,54.3562,49.2062
598.7936,104.1521,55.2941,49.4942
596.4677,106.6478,55.6284,49.7838
599.3979,104.0517,56.5473,50.0001
597.1554,103.3186,56.4221,49.9769
600.2410,103.1410,57.0488,50.1382
597.6895,102.9499,56.9876,50.0728
600.6198,104.7186,57.8035,50.2025
598.4019,103.4042,57.8879,50.0162
601.8185,103.1922,58.4878,50.1211
604.6346,101.8827,58.7515,50.1222
600.8076,105.0161,59.0142,50.4509
603.3722,102.9918,59.4039,50.7283
603.1013,99.1469,58.6701,50.2656
602.2303,105.7795,56.2815,51.7963
605.3301,106.8926,53.9674,52.2563
594.7097,99.9570,53.7330,51.8395
594.7065,101.3271,54.2176,51.1017
599.9049,103.5643,54.2588,50.5249
599.3975,105.6116,54.7338,49.9226
599.5132,106.2803,55.0080,50.1857
599.6445,106.4290,55.1084,50.3341
599.3549,105.9232,55.4470,50.2691
599.7612,105.5315,55.6330,50.2791
600.2975,105.5530,55.7597,50.2116
600.8264,105.7584,55.8336,50.2638
600.2722,103.2597,55.8544,50.1215
599.6913,104.6402,56.0123,50.1343
600.4351,105.0848,56.0404,50.2249
601.3651,105.4476,55.9344,50.2447
601.0107,102.7078,55.8484,50.0594
600.6363,104.2300,55.8468,50.0374
600.2941,105.0456,55.9304,49.8897
600.2286,105.7804,55.9200,49.9298
599.8605,105.8180,56.3525,49.7870
599.7291,105.7430,56.4041,49.7436
599.4096,105.7115,56.4441,49.7713
599.1328,105.3721,56.4470,49.7553
599.1951,105.1008,56.7919,49.6994
598.5161,105.2543,56.7374,49.8369
597.6656,104.7787,57.1805,49.8689
596.9686,100.3078,57.1605,49.8304
601.7168,97.2822,56.1733,49.6002
607.0214,106.0565,54.0477,50.6150
607.3953,95.7075,52.6927,49.8927
608.9349,99.5078,52.6752,49.8180
605.0597,100.3546,53.2264,49.2815
607.9182,98.8803,53.8386,49.0970
603.8737,100.8958,54.0862,48.9005
606.0275,99.0367,54.1303,49.0894
606.4102,97.4420,54.3521,49.2844
602.8532,99.7201,54.2223,49.0827
605.1884,98.2737,54.2664,48.9297
606.3112,97.4468,54.4480,48.9000
608.8279,96.0921,54.6216,49.0219
608.0856,96.8111,54.6671,49.0224
603.7411,96.0277,52.6165,49.6159
603.0176,98.0616,50.7483,50.4611
601.7126,101.2983,50.9582,50.2687
601.0685,99.7117,51.4427,49.8865
600.7197,98.4885,51.9949,49.2453
601.1417,100.6806,52.2496,48.9341
600.5339,98.6768,52.8316,48.6405
604.4330,101.5951,52.8427,48.5040
602.3256,99.5166,53.0117,48.7606
601.9012,101.0499,53.1879,48.7578
600.6932,98.4167,53.6010,48.4638
599.9369,99.5942,53.9943,48.4741
603.3042,98.8000,53.9225,48.6523
602.0374,100.4149,54.0555,48.7937
605.9233,99.7807,53.9601,48.8591
603.7563,101.0533,54.0558,48.9653
602.1357,98.8236,54.3462,48.9935
602.0590,100.1393,54.9371,48.9511
605.5867,98.6796,54.9876,49.1263
603.3940,100.4098,55.4913,49.3806
602.5919,97.6255,55.8751,49.5933
601.2081,97.9581,56.0942,49.5584
612.8505,99.8064,54.0240,51.0003
612.5889,92.2718,52.1328,50.8779
614.5155,96.6138,51.8809,50.8529
615.8979,95.3771,52.1287,50.5296
617.4844,97.5151,52.7284,49.9320
623.0150,96.0995,53.5109,49.5711
623.7453,94.4265,53.8778,49.0970
619.3503,98.3433,54.5163,49.7819
623.7328,96.0532,54.8088,50.0132
619.5578,95.3878,55.1447,49.7021
619.3391,97.3955,55.6457,49.9276
616.7876,98.8665,55.3291,49.7484
620.6516,96.8878,55.4345,49.6876
622.3066,95.9682,55.7569,49.7648
622.3657,97.6101,56.2669,49.4699
626.4686,95.9521,56.6383,49.4011
626.8253,95.0451,56.7529,49.3732
627.0125,96.4397,57.2676,48.8984
627.3624,95.3707,57.2667,48.9037
628.2504,96.4167,57.4974,48.6993
627.1364,92.6105,57.1158,48.2855
624.7576,97.3335,54.7946,49.8191
619.8239,100.8920,52.8414,51.1385
619.9164,97.7842,52.7673,51.1759
624.3699,100.0783,53.0910,50.6757
622.2000,97.1888,54.5496,49.6611
626.6793,97.6142,55.2736,48.9610
624.6204,100.8039,56.2195,48.3771
622.1793,98.8372,56.9029,47.7571
621.9460,100.7344,57.3503,47.7038
626.1747,99.8200,57.3921,47.8046
624.5924,98.9384,57.6309,47.9209
624.2205,101.4774,57.7225,48.2579
623.5176,101.3261,58.1707,48.5070
628.4038,100.0781,58.0012,48.6947
627.1272,99.4416,58.0246,48.7655
627.2249,101.6668,57.9687,48.9582
627.8032,101.8419,58.1487,48.8968
626.6556,99.6773,58.3687,48.6607
626.3796,100.5909,58.6800,48.4069
626.3426,101.1712,58.8323,48.3781
626.4688,101.4036,59.1304,48.3070
631.8273,100.5499,58.9813,48.4258
630.3049,99.8917,58.6284,48.6118
629.1877,99.3034,58.6344,48.4395
628.4320,98.9198,58.7800,48.2707
628.7685,101.2246,58.6057,48.3605
628.9277,102.1716,58.6613,48.5843
629.3143,102.2152,59.0964,48.7274
629.6306,100.2598,59.0579,48.4847
629.1262,101.4203,59.0964,48.6203
628.6870,98.5355,59.0625,48.5111
634.7350,95.0439,57.3551,48.7688
636.0972,106.1339,55.5852,49.7472
641.6850,93.0479,54.2578,49.0765
642.4636,97.5885,54.2658,49.0700
644.5546,95.8342,54.4480,49.3985
645.1242,96.2800,54.6778,49.6058
646.0483,96.7539,55.0361,49.7235
646.0168,96.4724,55.5028,49.9588
648.3979,95.6461,55.7711,49.7518
645.5415,97.3712,56.2553,50.0320
646.5654,97.3826,56.6371,50.2154
648.7365,95.6518,56.9402,50.3948
647.2723,97.9437,57.4240,50.6711
649.6253,96.4819,57.6077,50.7093
648.9155,94.6253,57.8396,50.5895
648.7659,97.3303,58.0495,50.5332
649.1534,97.3683,58.2115,50.5653
650.8005,95.6845,58.4460,50.5915
652.1049,96.9684,58.5771,50.4782
653.4521,96.7205,58.9482,50.7268
650.5692,97.2620,59.1035,50.8253
653.0791,95.9549,59.3211,51.0185
652.8890,97.4344,59.5120,51.1893
655.1322,96.0677,59.3716,51.0339
655.6392,95.0061,58.9253,51.1748
655.8165,91.0183,56.9662,51.0860
654.7615,90.2283,55.0112,50.8858
654.3246,101.4987,52.9329,52.0735
652.0382,101.9343,53.0544,51.8120
651.8956,101.9689,53.7209,51.6953
655.7347,103.2609,53.7022,51.4146
653.7028,99.5674,53.7006,51.1171
654.0258,100.6612,53.9637,51.1912
653.9086,101.4847,54.4382,51.2282
653.6522,101.7133,54.9630,51.1492
653.8481,102.1607,55.2757,51.1379
654.1902,102.3098,55.6472,51.2138
654.8441,102.5744,55.8868,51.3233
655.2037,102.9404,56.2486,51.4735
654.0696,99.3356,56.3864,51.1097
654.1619,100.9649,56.6259,50.9119
658.2749,99.3379,56.4120,50.6582
656.7978,101.3554,56.4849,50.8412
657.0971,102.2135,56.8806,50.8435
656.2920,99.0223,57.3173,50.3011
656.6076,99.7610,57.3153,50.3018
654.2849,99.3768,57.3715,50.2101
666.5106,96.6784,55.7050,50.9340
664.8501,95.6660,53.4732,51.8257
669.8729,96.2325,53.1780,51.7549
670.1345,98.3429,53.7368,51.9218
669.1632,99.5107,54.5700,52.0583
671.0090,98.9160,55.3217,52.1692
672.6620,98.0626,55.4305,52.5031
671.9130,98.3318,56.1353,51.9210
671.8156,98.8311,56.5217,51.5424
670.8283,98.2671,56.7831,51.6781
671.7486,98.4456,57.0888,51.7745
672.5725,99.0367,57.4237,51.3555
672.1829,98.9876,57.8139,51.1409
672.7030,99.2396,58.0092,51.0167
672.2662,96.4849,58.3004,51.0762
673.6151,96.4671,58.3063,51.0490
675.0431,98.5381,58.4645,51.0073
674.6767,98.9604,58.3481,51.1446
675.5074,100.1021,58.3495,51.2445
674.9572,99.6532,58.4483,51.2414
675.1326,99.2138,58.5701,51.3455
676.9872,96.8184,58.6731,51.3921
676.5944,96.1354,58.4656,51.4687
676.0497,93.1295,57.5774,50.8353
672.2609,102.6151,55.5638,52.1976
675.2444,108.7561,53.8510,52.7624
673.5461,103.0462,53.5868,52.3169
676.9196,105.0272,53.4386,52.0472
674.0471,102.0300,53.8862,51.5042
678.5375,108.0492,53.9021,51.6206
675.6918,103.9671,54.1399,51.1569
674.0931,101.7270,54.6586,50.6472
673.1186,103.3977,55.1177,50.4100
676.6380,102.3068,55.1450,50.2884
674.4743,104.6213,55.2084,50.5294
673.0807,105.6583,55.7678,50.6528
671.4883,102.1812,56.3107,50.3848
675.1553,101.5963,56.2395,50.1359
673.3340,101.2178,56.4390,49.8447
672.3458,103.1406,56.3403,49.9331
671.3859,101.3592,56.3470,49.7624
670.0287,101.1232,56.2974,49.6002
676.7545,106.4629,54.0591,51.3678
681.7081,109.8236,51.9312,53.0853
683.2662,100.3218,51.7799,52.8601
683.8931,104.1030,52.8484,53.1123
686.1478,100.2735,53.6397,53.0938
684.6575,103.2104,54.3807,53.5541
678.7853,103.9966,55.1486,53.8292
679.7053,104.1548,56.0476,54.0400
683.4675,100.3320,56.6370,54.4825
683.7312,97.6612,56.9545,54.7408
682.9316,96.9310,57.1350,54.6089
683.0823,96.4606,57.3606,54.4501
683.2663,96.8154,57.6310,54.2639
682.9144,96.9107,57.5021,54.2799
682.0140,100.2516,57.6157,54.4743
680.2136,93.3081,55.8011,54.1887
684.8831,102.0333,53.6309,54.6724
672.5538,102.1086,53.0417,54.2509
676.8612,104.6405,53.3376,53.8700
674.7978,101.6130,54.1551,52.8259
673.3435,103.1867,55.2015,51.9543
676.3172,105.5639,55.6236,51.4911
674.4973,103.3260,56.0170,50.8564
672.7485,104.8591,56.5936,50.6121
673.0132,105.9431,57.4548,50.4749
672.6860,103.0529,57.8359,49.6993
672.3909,104.7302,58.1845,49.6311
672.1116,105.3136,58.6901,49.6407
672.1974,102.9236,58.6762,49.2953
671.2917,104.3542,58.7847,49.5386
670.9095,105.0818,59.1926,49.8316
670.8891,102.7829,59.1272,49.5817
671.4161,104.0609,59.2013,49.7379
671.6678,102.0659,59.0678,49.3916
671.5093,100.9531,58.6466,49.2694
670.1909,95.9606,57.5215,48.4281
677.7213,105.7272,55.6588,49.7238
680.7893,97.5088,53.6718,49.5935
682.4376,101.5261,53.7142,49.5202
683.7469,101.0628,53.9803,49.2892
680.5861,100.3719,54.0817,49.2592
680.0958,103.6876,54.5160,49.5192
683.2165,99.2195,54.4200,49.2672
681.9909,99.9851,54.4607,49.0476
682.0547,101.4091,54.6821,48.8643
681.8693,101.0222,54.8502,48.7246
681.5049,102.1486,55.0386,48.8634
681.7543,100.4185,55.3248,48.9890
683.2696,100.1662,55.3500,49.0135
683.0549,100.5878,55.4992,49.1588
683.1769,101.4338,55.6632,49.3029
683.4781,98.8393,55.6743,49.1426
684.1066,99.0503,55.5722,49.1411
685.7562,99.2878,55.4199,49.0193
685.4518,99.1862,55.4561,48.9759
685.2415,99.1510,55.6222,48.8617
685.7075,100.5091,55.8297,48.9544
686.0467,101.7842,56.1523,48.8850
687.3480,100.8074,56.0711,48.8941
688.4559,100.3363,56.0869,48.7771
689.1180,100.0728,55.9517,48.6277
689.9872,100.0133,55.9532,48.4594
692.0300,100.3430,55.9297,48.5309
693.1225,100.8006,56.1007,48.4091
694.7466,101.9013,56.6389,48.5295
696.1561,102.8153,57.0037,47.9205
699.5411,107.3018,56.9253,47.8793
698.4542,107.2972,57.6422,47.4066
698.5832,109.2177,58.4793,46.6400
702.0006,109.4117,58.8847,46.0697
702.0148,111.1348,59.6944,45.5700
702.3676,112.9044,59.9984,45.2705
707.1445,113.4745,60.1002,44.9770
706.4912,115.0537,59.9749,44.8905
708.7349,116.2251,60.1792,45.0067
710.9614,116.6654,60.3911,45.0102
714.5420,118.0707,60.4768,45.1631
717.6981,119.4429,60.6663,45.1258
717.1418,121.8855,60.9370,45.2122
722.2631,123.1115,61.2138,45.4566
724.9207,125.1944,61.4096,45.3477
727.6544,127.1555,61.2310,45.3477
729.9008,127.4177,61.4756,45.0725
729.0337,130.2807,61.5448,45.3122
732.2574,132.5284,61.6118,45.2994
732.0687,132.9249,61.5339,45.3083
736.0614,134.1015,61.7191,45.3035
738.6083,137.2299,61.4973,45.3471
740.5944,139.4772,61.4160,45.3916
740.5703,141.1593,61.6073,45.5740
743.9980,142.6520,61.6024,45.6598
745.1199,144.3178,61.6182,45.4831
746.6927,143.6547,61.5369,45.6924
747.4935,143.7470,61.3758,45.4861
749.4267,145.1262,60.9427,45.2462
752.3430,147.3000,60.4778,44.9472
752.0418,149.8823,60.1973,45.1507
753.6918,150.1460,59.4507,44.6655
754.5556,151.6360,58.5639,44.3175
755.7095,149.6453,58.1298,44.0174
754.8455,152.3152,57.7645,44.3085
753.2613,154.7350,56.4030,45.0276
752.4146,152.8277,56.0920,45.1151
748.9331,156.0665,55.2948,45.1950
745.0747,158.2205,54.6494,45.5213
746.6531,159.8084,54.6444,45.5696
743.1716,161.5210,54.8180,45.3655
733.6600,163.9620,55.1329,45.6257
722.9279,166.6636,55.6180,45.5316
712.3469,172.0185,55.7885,45.2160
701.6062,178.0270,55.8635,44.9079
696.6733,186.9918,56.0721,44.8906
693.6370,193.5371,56.1895,44.9494
695.5637,197.2042,56.3424,44.8340
692.6816,200.2684,56.8974,44.7798
698.5504,196.9292,57.2132,44.5958
695.9002,197.8290,57.4647,44.8840
698.3311,194.9469,57.9310,44.9072
703.0678,191.4284,58.4047,44.4570
702.0780,190.0740,59.0288,44.4504
709.9716,185.6309,58.9427,44.4335
723.2467,179.3999,58.5026,44.0971
745.5322,173.7628,58.2468,44.3923
749.2034,172.7513,58.5644,44.6316
751.6886,167.1387,58.1932,45.7282
742.4532,162.9825,57.9533,45.8974
734.3802,164.1161,58.1938,45.9885
724.8661,164.3539,58.3045,45.8217
721.3713,162.8793,57.7336,46.2636
718.8762,157.4608,56.8411,46.7172
712.6505,169.4295,55.8082,47.4028
708.9005,166.5882,54.5738,47.9407
705.8526,171.6454,53.8311,47.8251
708.0653,171.6803,53.4989,48.0131
710.4725,167.7250,53.8065,48.0687
707.3701,163.9992,53.8926,47.9620
705.2602,162.3220,54.0667,48.1895
704.2668,162.5943,54.0569,48.1898
706.9212,159.6250,54.0068,48.5519
711.8395,166.8289,54.3569,48.6590
715.1556,168.3944,54.4345,48.3577
716.8798,173.0808,53.6448,48.9104
729.2562,141.4061,51.8399,49.5621
2
0
0
0
0
1
2
0
0
0
0
1
751.6930,186.7849,14.4370,48.7774
752.1223,186.0271,14.6910,49.3989
750.4182,180.8934,14.9196,49.8764
749.2947,179.3719,15.1354,50.6169
747.0071,175.5729,15.4349,50.9402
744.5701,171.7099,15.6222,50.9071
741.6938,172.3397,16.0367,51.3473
737.7811,169.7298,16.2688,51.3936
734.3012,167.7471,16.6765,51.7670
725.1960,165.8886,16.9126,51.1895
719.5722,165.1336,17.1400,50.4068
715.0356,164.1528,17.2659,49.3729
713.9231,162.6568,17.4383,48.6066
710.9308,162.2954,17.4622,47.5975
708.1686,161.7723,17.2345,47.1008
706.8849,160.1206,17.2070,46.9169
704.3406,160.3661,17.0159,46.4446
703.0435,158.4541,17.0116,46.5012
700.4388,159.4705,16.8406,46.0129
698.8710,158.1003,16.9832,45.9079
695.9825,158.2054,16.8482,45.4734
693.2849,160.4570,16.7886,44.8237
692.0118,161.4640,17.0027,44.7652
689.7899,164.8731,16.8708,44.1854
689.7377,167.9357,16.8949,44.5484
686.5509,175.0154,16.6212,44.5083
684.3586,185.2562,16.5816,44.6989
683.3417,194.4699,16.9198,44.3618
678.1694,214.2050,17.2376,44.6913
672.1546,234.2556,17.5618,45.6309
669.9387,259.7104,17.9748,44.9789
670.2877,270.6231,18.8139,43.4496
670.9723,270.6294,19.2502,42.0783
667.0198,270.4760,19.5148,40.7880
665.0881,270.9598,19.7092,39.5714
