1
230.6535,160.3565,35.6817,66.6132
231.2856,162.7332,35.0882,66.2119
226.1335,161.7906,35.0875,65.4684
231.2019,173.4232,34.7775,65.1697
231.0811,173.0734,34.0717,65.2732
231.7459,184.4012,33.5570,64.6653
219.7787,188.9456,32.9706,64.4492
226.7457,202.4971,32.9998,64.0688
242.0757,232.1791,32.3999,63.1562
265.4968,257.3162,32.4683,63.8101
259.9594,276.4323,32.0515,63.5787
245.5207,275.5179,31.5207,62.4907
237.9514,287.7571,31.3104,62.4915
201.9447,246.7681,31.1838,62.3051
2
0
0
0
0
1
61.7691,283.1720,55.4455,47.7891
57.1130,284.2186,56.1815,46.9331
39.9411,273.0895,56.6504,46.8650
47.8598,259.0865,57.0877,46.1876
48.2774,244.8482,57.5417,46.7460
112.2331,240.4387,57.6902,46.3957
166.5089,254.8819,58.2029,45.6040
194.9783,262.6276,58.3355,45.4611
221.1317,268.5319,59.5109,44.3012
228.9274,267.4066,60.2505,43.9938
236.4654,272.5314,60.5779,44.1554
242.7171,276.5105,61.1921,44.3547
248.3920,283.3611,61.8414,44.4645
250.3906,283.3415,61.6697,44.7327
265.3115,287.7393,61.9926,44.9698
273.7837,291.1394,62.6222,45.1027
289.0827,295.6895,62.8951,45.2400
309.3569,301.2610,63.5942,45.2609
326.3541,304.7010,63.9169,45.1565
339.2382,314.6919,64.9807,44.8451
338.9170,316.8979,65.7606,45.1150
334.3232,320.2848,66.3264,45.5914
350.1555,325.9507,66.6853,46.7052
375.9219,344.9408,66.3119,47.3013
371.5369,342.8481,66.5783,48.0355
369.9301,337.0333,68.0273,48.7463
381.0850,339.6720,68.6170,49.8220
396.7354,347.4020,68.4213,50.5591
411.8401,347.6212,68.6843,51.0218
427.9240,357.6300,69.0067,51.5667
444.3287,376.8314,70.0478,52.1754
446.9172,375.9247,71.4396,52.3810
420.3184,367.2871,72.8441,53.0892
393.9592,349.6877,73.8916,53.6961
381.6394,320.7094,74.8744,54.5473
369.0573,307.0625,74.4967,55.3184
359.8183,293.9548,75.2726,55.8859
341.0653,286.6211,75.9477,55.9368
322.7578,280.2841,76.5009,56.0523
303.4949,273.4277,75.6736,56.4003
287.7755,270.2623,75.7356,56.2950
280.9266,261.1971,75.5391,55.8510
265.4318,253.6596,75.8356,55.7263
241.5929,235.3449,75.8716,55.9513
226.9577,223.6584,75.5848,56.0168
214.4901,215.2440,74.5057,56.1429
195.3279,207.4604,73.8590,56.3536
171.6996,195.5583,74.1545,56.5698
151.0238,183.2536,73.9777,56.8351
129.2612,177.0823,73.7250,56.6982
122.7164,168.2782,73.0747,57.6430
115.2681,155.8572,73.3516,58.5675
104.6703,147.0428,73.1617,59.4540
94.3344,160.9954,72.5041,59.6814
104.3087,175.4308,72.6317,60.9792
122.5870,205.5331,71.3938,62.1568
122.6889,204.0740,70.5833,62.8154
120.8326,187.1187,70.4122,62.8035
117.8173,187.5392,70.7277,62.3848
119.4847,197.9675,70.6239,63.0660
124.0215,221.0749,71.1273,62.7764
137.7909,238.3432,71.3978,62.9815
170.9590,245.4816,70.9576,63.9285
186.8199,209.9531,69.8883,64.3121
2
0
0
0
0
1
150.7233,68.1898,42.4466,68.4274
140.6901,64.6934,44.1093,67.5860
149.5399,70.5278,45.4153,67.5564
155.5941,74.3494,46.8595,66.9782
160.6924,82.5367,47.9900,66.4538
164.6200,83.7699,48.7708,66.1353
169.4188,83.1502,49.6527,65.5081
186.0488,84.4648,50.1829,64.9326
194.5817,78.1122,49.8427,64.6630
188.9406,74.9313,49.6806,64.4452
182.8802,70.9566,49.4330,64.1404
175.3213,73.4504,48.7453,63.3467
172.6720,72.4114,47.9791,62.5197
156.3652,74.5732,47.8847,62.2933
137.6982,77.7778,47.7832,61.9595
128.7405,86.0198,47.9455,61.9987
122.9178,94.8700,48.1462,61.7189
114.0621,109.8305,48.4164,61.4576
105.0046,119.7439,48.8462,61.5264
99.5080,120.3298,49.7916,61.6584
96.5496,117.6515,50.0747,61.5579
98.6708,132.6636,50.8022,62.4716
95.7252,135.8741,51.4860,62.9576
100.2593,142.5944,52.0682,63.8060
108.9999,139.6447,52.7045,64.3500
115.5652,133.4133,52.8533,64.1779
111.6696,127.7443,53.2991,63.7402
105.4783,120.6465,53.7539,63.9887
101.0835,108.2112,53.5636,63.9463
